End date,"12/21/2016"
Specimen label,"24BG_95_run2"
Maximum Load,"0.01226",N

Time,Extension,Load
(s),(mm),(N)
"0.00000","7.50783","0.00789"
"0.00600","7.50783","0.00786"
"0.01200","7.50783","0.00796"
"0.01800","7.50789","0.00803"
"0.02400","7.50801","0.00799"
"0.03000","7.50807","0.00801"
"0.03600","7.50825","0.00794"
"0.04200","7.50837","0.00780"
"0.04800","7.50855","0.00778"
"0.05400","7.50879","0.00774"
"0.06000","7.50897","0.00777"
"0.06600","7.50921","0.00783"
"0.07200","7.50951","0.00787"
"0.07800","7.50980","0.00799"
"0.08400","7.51010","0.00796"
"0.09000","7.51040","0.00787"
"0.09600","7.51082","0.00787"
"0.10200","7.51118","0.00784"
"0.10800","7.51160","0.00773"
"0.11400","7.51208","0.00763"
"0.12000","7.51256","0.00756"
"0.12600","7.51303","0.00758"
"0.13200","7.51357","0.00768"
"0.13800","7.51417","0.00781"
"0.14400","7.51471","0.00796"
"0.15000","7.51531","0.00798"
"0.15600","7.51590","0.00795"
"0.16200","7.51656","0.00793"
"0.16800","7.51716","0.00792"
"0.17400","7.51782","0.00795"
"0.18000","7.51847","0.00805"
"0.18600","7.51913","0.00809"
"0.19200","7.51985","0.00808"
"0.19800","7.52051","0.00805"
"0.20400","7.52116","0.00804"
"0.21000","7.52188","0.00809"
"0.21600","7.52260","0.00818"
"0.22200","7.52326","0.00824"
"0.22800","7.52397","0.00828"
"0.23400","7.52469","0.00824"
"0.24000","7.52541","0.00814"
"0.24600","7.52607","0.00817"
"0.25200","7.52678","0.00814"
"0.25800","7.52744","0.00808"
"0.26400","7.52810","0.00804"
"0.27000","7.52876","0.00798"
"0.27600","7.52936","0.00798"
"0.28200","7.53001","0.00802"
"0.28800","7.53067","0.00809"
"0.29400","7.53127","0.00813"
"0.30000","7.53187","0.00813"
"0.30600","7.53246","0.00811"
"0.31200","7.53312","0.00811"
"0.31800","7.53372","0.00809"
"0.32400","7.53432","0.00812"
"0.33000","7.53492","0.00814"
"0.33600","7.53545","0.00807"
"0.34200","7.53605","0.00791"
"0.34800","7.53665","0.00778"
"0.35400","7.53719","0.00772"
"0.36000","7.53779","0.00783"
"0.36600","7.53832","0.00800"
"0.37200","7.53886","0.00807"
"0.37800","7.53940","0.00801"
"0.38400","7.53994","0.00796"
"0.39000","7.54048","0.00796"
"0.39600","7.54096","0.00798"
"0.40200","7.54149","0.00792"
"0.40800","7.54203","0.00781"
"0.41400","7.54251","0.00775"
"0.42000","7.54305","0.00777"
"0.42600","7.54359","0.00782"
"0.43200","7.54406","0.00790"
"0.43800","7.54454","0.00791"
"0.44400","7.54508","0.00786"
"0.45000","7.54556","0.00780"
"0.45600","7.54610","0.00779"
"0.46200","7.54658","0.00793"
"0.46800","7.54711","0.00807"
"0.47400","7.54759","0.00815"
"0.48000","7.54807","0.00818"
"0.48600","7.54861","0.00805"
"0.49200","7.54915","0.00796"
"0.49800","7.54962","0.00806"
"0.50400","7.55010","0.00817"
"0.51000","7.55058","0.00820"
"0.51600","7.55112","0.00817"
"0.52200","7.55160","0.00813"
"0.52800","7.55208","0.00816"
"0.53400","7.55255","0.00816"
"0.54000","7.55303","0.00824"
"0.54600","7.55357","0.00828"
"0.55200","7.55405","0.00818"
"0.55800","7.55459","0.00811"
"0.56400","7.55507","0.00818"
"0.57000","7.55554","0.00822"
"0.57600","7.55608","0.00820"
"0.58200","7.55656","0.00818"
"0.58800","7.55704","0.00808"
"0.59400","7.55758","0.00798"
"0.60000","7.55806","0.00789"
"0.60600","7.55853","0.00792"
"0.61200","7.55907","0.00803"
"0.61800","7.55955","0.00814"
"0.62400","7.56009","0.00820"
"0.63000","7.56057","0.00827"
"0.63600","7.56110","0.00833"
"0.64200","7.56158","0.00832"
"0.64800","7.56206","0.00826"
"0.65400","7.56254","0.00822"
"0.66000","7.56308","0.00823"
"0.66600","7.56356","0.00822"
"0.67200","7.56403","0.00817"
"0.67800","7.56451","0.00818"
"0.68400","7.56505","0.00821"
"0.69000","7.56553","0.00822"
"0.69600","7.56601","0.00818"
"0.70200","7.56654","0.00808"
"0.70800","7.56702","0.00801"
"0.71400","7.56756","0.00806"
"0.72000","7.56804","0.00817"
"0.72600","7.56852","0.00825"
"0.73200","7.56906","0.00827"
"0.73800","7.56953","0.00819"
"0.74400","7.57007","0.00819"
"0.75000","7.57055","0.00818"
"0.75600","7.57103","0.00817"
"0.76200","7.57151","0.00815"
"0.76800","7.57205","0.00809"
"0.77400","7.57252","0.00796"
"0.78000","7.57306","0.00794"
"0.78600","7.57354","0.00797"
"0.79200","7.57402","0.00803"
"0.79800","7.57450","0.00805"
"0.80400","7.57504","0.00798"
"0.81000","7.57551","0.00787"
"0.81600","7.57599","0.00780"
"0.82200","7.57653","0.00773"
"0.82800","7.57701","0.00781"
"0.83400","7.57749","0.00786"
"0.84000","7.57802","0.00789"
"0.84600","7.57850","0.00794"
"0.85200","7.57898","0.00794"
"0.85800","7.57952","0.00795"
"0.86400","7.58000","0.00791"
"0.87000","7.58048","0.00787"
"0.87600","7.58101","0.00782"
"0.88200","7.58149","0.00779"
"0.88800","7.58197","0.00776"
"0.89400","7.58251","0.00778"
"0.90000","7.58299","0.00785"
"0.90600","7.58353","0.00791"
"0.91200","7.58400","0.00793"
"0.91800","7.58448","0.00785"
"0.92400","7.58502","0.00783"
"0.93000","7.58550","0.00792"
"0.93600","7.58598","0.00794"
"0.94200","7.58651","0.00800"
"0.94800","7.58699","0.00804"
"0.95400","7.58747","0.00799"
"0.96000","7.58801","0.00801"
"0.96600","7.58849","0.00808"
"0.97200","7.58903","0.00808"
"0.97800","7.58950","0.00817"
"0.98400","7.59004","0.00825"
"0.99000","7.59052","0.00817"
"0.99600","7.59100","0.00811"
"1.00200","7.59154","0.00808"
"1.00800","7.59202","0.00813"
"1.01400","7.59249","0.00817"
"1.02000","7.59303","0.00812"
"1.02600","7.59351","0.00806"
"1.03200","7.59405","0.00797"
"1.03800","7.59453","0.00792"
"1.04400","7.59507","0.00791"
"1.05000","7.59554","0.00790"
"1.05600","7.59602","0.00778"
"1.06200","7.59656","0.00776"
"1.06800","7.59704","0.00777"
"1.07400","7.59758","0.00780"
"1.08000","7.59805","0.00783"
"1.08600","7.59853","0.00785"
"1.09200","7.59907","0.00792"
"1.09800","7.59955","0.00809"
"1.10400","7.60003","0.00821"
"1.11000","7.60051","0.00829"
"1.11600","7.60104","0.00824"
"1.12200","7.60152","0.00815"
"1.12800","7.60206","0.00811"
"1.13400","7.60254","0.00804"
"1.14000","7.60302","0.00796"
"1.14600","7.60356","0.00793"
"1.15200","7.60403","0.00782"
"1.15800","7.60457","0.00773"
"1.16400","7.60505","0.00774"
"1.17000","7.60553","0.00773"
"1.17600","7.60607","0.00778"
"1.18200","7.60654","0.00791"
"1.18800","7.60708","0.00799"
"1.19400","7.60756","0.00812"
"1.20000","7.60804","0.00810"
"1.20600","7.60858","0.00801"
"1.21200","7.60906","0.00793"
"1.21800","7.60953","0.00786"
"1.22400","7.61007","0.00777"
"1.23000","7.61055","0.00776"
"1.23600","7.61103","0.00786"
"1.24200","7.61157","0.00802"
"1.24800","7.61204","0.00811"
"1.25400","7.61252","0.00813"
"1.26000","7.61306","0.00821"
"1.26600","7.61354","0.00829"
"1.27200","7.61408","0.00833"
"1.27800","7.61456","0.00841"
"1.28400","7.61509","0.00843"
"1.29000","7.61557","0.00829"
"1.29600","7.61605","0.00817"
"1.30200","7.61653","0.00808"
"1.30800","7.61707","0.00805"
"1.31400","7.61755","0.00807"
"1.32000","7.61802","0.00814"
"1.32600","7.61850","0.00828"
"1.33200","7.61904","0.00844"
"1.33800","7.61952","0.00851"
"1.34400","7.62006","0.00857"
"1.35000","7.62054","0.00857"
"1.35600","7.62107","0.00857"
"1.36200","7.62155","0.00861"
"1.36800","7.62203","0.00860"
"1.37400","7.62257","0.00858"
"1.38000","7.62305","0.00862"
"1.38600","7.62352","0.00852"
"1.39200","7.62400","0.00833"
"1.39800","7.62448","0.00815"
"1.40400","7.62502","0.00794"
"1.41000","7.62550","0.00783"
"1.41600","7.62598","0.00783"
"1.42200","7.62645","0.00783"
"1.42800","7.62699","0.00794"
"1.43400","7.62747","0.00805"
"1.44000","7.62795","0.00810"
"1.44600","7.62849","0.00810"
"1.45200","7.62897","0.00802"
"1.45800","7.62944","0.00797"
"1.46400","7.62998","0.00793"
"1.47000","7.63046","0.00787"
"1.47600","7.63094","0.00799"
"1.48200","7.63148","0.00815"
"1.48800","7.63196","0.00817"
"1.49400","7.63249","0.00817"
"1.50000","7.63303","0.00812"
"1.50600","7.63351","0.00803"
"1.51200","7.63399","0.00802"
"1.51800","7.63447","0.00800"
"1.52400","7.63500","0.00792"
"1.53000","7.63548","0.00794"
"1.53600","7.63596","0.00797"
"1.54200","7.63644","0.00808"
"1.54800","7.63698","0.00817"
"1.55400","7.63745","0.00810"
"1.56000","7.63799","0.00802"
"1.56600","7.63847","0.00801"
"1.57200","7.63895","0.00805"
"1.57800","7.63949","0.00818"
"1.58400","7.63997","0.00827"
"1.59000","7.64044","0.00825"
"1.59600","7.64098","0.00819"
"1.60200","7.64146","0.00808"
"1.60800","7.64200","0.00799"
"1.61400","7.64248","0.00789"
"1.62000","7.64302","0.00781"
"1.62600","7.64349","0.00777"
"1.63200","7.64403","0.00772"
"1.63800","7.64451","0.00769"
"1.64400","7.64505","0.00781"
"1.65000","7.64553","0.00795"
"1.65600","7.64607","0.00808"
"1.66200","7.64654","0.00818"
"1.66800","7.64702","0.00819"
"1.67400","7.64756","0.00822"
"1.68000","7.64804","0.00834"
"1.68600","7.64852","0.00838"
"1.69200","7.64905","0.00836"
"1.69800","7.64953","0.00825"
"1.70400","7.65001","0.00809"
"1.71000","7.65055","0.00807"
"1.71600","7.65103","0.00816"
"1.72200","7.65151","0.00826"
"1.72800","7.65198","0.00839"
"1.73400","7.65246","0.00844"
"1.74000","7.65300","0.00837"
"1.74600","7.65348","0.00839"
"1.75200","7.65396","0.00840"
"1.75800","7.65450","0.00836"
"1.76400","7.65497","0.00829"
"1.77000","7.65551","0.00823"
"1.77600","7.65599","0.00822"
"1.78200","7.65653","0.00826"
"1.78800","7.65701","0.00835"
"1.79400","7.65754","0.00847"
"1.80000","7.65802","0.00857"
"1.80600","7.65850","0.00858"
"1.81200","7.65904","0.00850"
"1.81800","7.65952","0.00834"
"1.82400","7.66000","0.00818"
"1.83000","7.66047","0.00809"
"1.83600","7.66101","0.00803"
"1.84200","7.66149","0.00805"
"1.84800","7.66203","0.00806"
"1.85400","7.66251","0.00802"
"1.86000","7.66299","0.00804"
"1.86600","7.66346","0.00813"
"1.87200","7.66400","0.00809"
"1.87800","7.66448","0.00812"
"1.88400","7.66496","0.00815"
"1.89000","7.66550","0.00811"
"1.89600","7.66597","0.00810"
"1.90200","7.66651","0.00809"
"1.90800","7.66699","0.00805"
"1.91400","7.66753","0.00798"
"1.92000","7.66801","0.00789"
"1.92600","7.66855","0.00788"
"1.93200","7.66902","0.00790"
"1.93800","7.66950","0.00790"
"1.94400","7.67004","0.00791"
"1.95000","7.67052","0.00793"
"1.95600","7.67100","0.00795"
"1.96200","7.67154","0.00799"
"1.96800","7.67201","0.00808"
"1.97400","7.67249","0.00816"
"1.98000","7.67297","0.00826"
"1.98600","7.67351","0.00826"
"1.99200","7.67399","0.00820"
"1.99800","7.67447","0.00810"
"2.00400","7.67494","0.00796"
"2.01000","7.67548","0.00781"
"2.01600","7.67596","0.00772"
"2.02200","7.67644","0.00771"
"2.02800","7.67698","0.00776"
"2.03400","7.67745","0.00793"
"2.04000","7.67793","0.00810"
"2.04600","7.67847","0.00827"
"2.05200","7.67895","0.00833"
"2.05800","7.67949","0.00837"
"2.06400","7.67997","0.00836"
"2.07000","7.68044","0.00828"
"2.07600","7.68098","0.00816"
"2.08200","7.68146","0.00817"
"2.08800","7.68200","0.00816"
"2.09400","7.68248","0.00820"
"2.10000","7.68302","0.00830"
"2.10600","7.68349","0.00841"
"2.11200","7.68397","0.00852"
"2.11800","7.68451","0.00859"
"2.12400","7.68499","0.00860"
"2.13000","7.68547","0.00859"
"2.13600","7.68601","0.00849"
"2.14200","7.68648","0.00835"
"2.14800","7.68696","0.00826"
"2.15400","7.68750","0.00817"
"2.16000","7.68798","0.00816"
"2.16600","7.68852","0.00814"
"2.17200","7.68899","0.00806"
"2.17800","7.68953","0.00806"
"2.18400","7.69001","0.00806"
"2.19000","7.69049","0.00811"
"2.19600","7.69103","0.00821"
"2.20200","7.69150","0.00821"
"2.20800","7.69204","0.00817"
"2.21400","7.69252","0.00812"
"2.22000","7.69306","0.00810"
"2.22600","7.69354","0.00809"
"2.23200","7.69408","0.00812"
"2.23800","7.69455","0.00817"
"2.24400","7.69503","0.00825"
"2.25000","7.69557","0.00833"
"2.25600","7.69605","0.00833"
"2.26200","7.69653","0.00826"
"2.26800","7.69707","0.00823"
"2.27400","7.69754","0.00815"
"2.28000","7.69802","0.00813"
"2.28600","7.69850","0.00813"
"2.29200","7.69904","0.00817"
"2.29800","7.69952","0.00815"
"2.30400","7.70000","0.00803"
"2.31000","7.70053","0.00797"
"2.31600","7.70101","0.00796"
"2.32200","7.70149","0.00802"
"2.32800","7.70203","0.00818"
"2.33400","7.70251","0.00832"
"2.34000","7.70304","0.00834"
"2.34600","7.70352","0.00829"
"2.35200","7.70400","0.00827"
"2.35800","7.70454","0.00826"
"2.36400","7.70502","0.00821"
"2.37000","7.70550","0.00820"
"2.37600","7.70603","0.00830"
"2.38200","7.70651","0.00837"
"2.38800","7.70699","0.00833"
"2.39400","7.70753","0.00833"
"2.40000","7.70801","0.00836"
"2.40600","7.70849","0.00833"
"2.41200","7.70902","0.00827"
"2.41800","7.70950","0.00821"
"2.42400","7.70998","0.00816"
"2.43000","7.71046","0.00817"
"2.43600","7.71100","0.00818"
"2.44200","7.71147","0.00819"
"2.44800","7.71195","0.00826"
"2.45400","7.71243","0.00817"
"2.46000","7.71291","0.00812"
"2.46600","7.71345","0.00823"
"2.47200","7.71393","0.00824"
"2.47800","7.71446","0.00822"
"2.48400","7.71494","0.00816"
"2.49000","7.71548","0.00804"
"2.49600","7.71596","0.00802"
"2.50200","7.71650","0.00803"
"2.50800","7.71698","0.00804"
"2.51400","7.71751","0.00804"
"2.52000","7.71799","0.00801"
"2.52600","7.71847","0.00800"
"2.53200","7.71901","0.00805"
"2.53800","7.71949","0.00811"
"2.54400","7.71996","0.00819"
"2.55000","7.72050","0.00826"
"2.55600","7.72098","0.00826"
"2.56200","7.72152","0.00829"
"2.56800","7.72200","0.00834"
"2.57400","7.72248","0.00838"
"2.58000","7.72295","0.00833"
"2.58600","7.72349","0.00817"
"2.59200","7.72397","0.00803"
"2.59800","7.72445","0.00795"
"2.60400","7.72493","0.00786"
"2.61000","7.72547","0.00783"
"2.61600","7.72594","0.00788"
"2.62200","7.72642","0.00786"
"2.62800","7.72696","0.00786"
"2.63400","7.72744","0.00794"
"2.64000","7.72798","0.00796"
"2.64600","7.72852","0.00799"
"2.65200","7.72899","0.00794"
"2.65800","7.72947","0.00790"
"2.66400","7.73001","0.00789"
"2.67000","7.73049","0.00790"
"2.67600","7.73103","0.00798"
"2.68200","7.73150","0.00807"
"2.68800","7.73198","0.00807"
"2.69400","7.73252","0.00809"
"2.70000","7.73300","0.00806"
"2.70600","7.73354","0.00808"
"2.71200","7.73401","0.00812"
"2.71800","7.73449","0.00808"
"2.72400","7.73497","0.00801"
"2.73000","7.73551","0.00798"
"2.73600","7.73599","0.00799"
"2.74200","7.73647","0.00806"
"2.74800","7.73700","0.00817"
"2.75400","7.73748","0.00825"
"2.76000","7.73796","0.00826"
"2.76600","7.73850","0.00825"
"2.77200","7.73898","0.00815"
"2.77800","7.73952","0.00809"
"2.78400","7.74005","0.00811"
"2.79000","7.74053","0.00805"
"2.79600","7.74107","0.00803"
"2.80200","7.74155","0.00799"
"2.80800","7.74203","0.00794"
"2.81400","7.74257","0.00796"
"2.82000","7.74304","0.00803"
"2.82600","7.74352","0.00810"
"2.83200","7.74406","0.00818"
"2.83800","7.74454","0.00813"
"2.84400","7.74502","0.00809"
"2.85000","7.74555","0.00808"
"2.85600","7.74603","0.00809"
"2.86200","7.74651","0.00810"
"2.86800","7.74699","0.00810"
"2.87400","7.74753","0.00807"
"2.88000","7.74801","0.00806"
"2.88600","7.74848","0.00803"
"2.89200","7.74902","0.00805"
"2.89800","7.74950","0.00810"
"2.90400","7.75004","0.00809"
"2.91000","7.75052","0.00800"
"2.91600","7.75106","0.00795"
"2.92200","7.75153","0.00793"
"2.92800","7.75201","0.00800"
"2.93400","7.75255","0.00807"
"2.94000","7.75303","0.00801"
"2.94600","7.75357","0.00797"
"2.95200","7.75405","0.00798"
"2.95800","7.75452","0.00801"
"2.96400","7.75506","0.00815"
"2.97000","7.75554","0.00827"
"2.97600","7.75602","0.00833"
"2.98200","7.75650","0.00838"
"2.98800","7.75703","0.00833"
"2.99400","7.75751","0.00829"
"3.00000","7.75799","0.00829"
"3.00600","7.75847","0.00828"
"3.01200","7.75895","0.00823"
"3.01800","7.75949","0.00818"
"3.02400","7.75996","0.00807"
"3.03000","7.76044","0.00801"
"3.03600","7.76098","0.00797"
"3.04200","7.76146","0.00802"
"3.04800","7.76194","0.00811"
"3.05400","7.76248","0.00804"
"3.06000","7.76295","0.00796"
"3.06600","7.76349","0.00794"
"3.07200","7.76397","0.00796"
"3.07800","7.76451","0.00801"
"3.08400","7.76499","0.00798"
"3.09000","7.76546","0.00796"
"3.09600","7.76600","0.00799"
"3.10200","7.76648","0.00799"
"3.10800","7.76696","0.00804"
"3.11400","7.76750","0.00816"
"3.12000","7.76798","0.00816"
"3.12600","7.76845","0.00809"
"3.13200","7.76893","0.00812"
"3.13800","7.76941","0.00818"
"3.14400","7.76995","0.00829"
"3.15000","7.77043","0.00835"
"3.15600","7.77091","0.00836"
"3.16200","7.77138","0.00839"
"3.16800","7.77192","0.00841"
"3.17400","7.77240","0.00835"
"3.18000","7.77294","0.00830"
"3.18600","7.77342","0.00817"
"3.19200","7.77395","0.00808"
"3.19800","7.77449","0.00806"
"3.20400","7.77497","0.00808"
"3.21000","7.77551","0.00816"
"3.21600","7.77599","0.00826"
"3.22200","7.77653","0.00825"
"3.22800","7.77700","0.00820"
"3.23400","7.77748","0.00815"
"3.24000","7.77802","0.00809"
"3.24600","7.77850","0.00814"
"3.25200","7.77898","0.00810"
"3.25800","7.77946","0.00806"
"3.26400","7.77999","0.00806"
"3.27000","7.78047","0.00811"
"3.27600","7.78095","0.00808"
"3.28200","7.78149","0.00813"
"3.28800","7.78197","0.00818"
"3.29400","7.78250","0.00827"
"3.30000","7.78298","0.00835"
"3.30600","7.78346","0.00841"
"3.31200","7.78400","0.00843"
"3.31800","7.78448","0.00843"
"3.32400","7.78502","0.00850"
"3.33000","7.78549","0.00863"
"3.33600","7.78603","0.00870"
"3.34200","7.78651","0.00871"
"3.34800","7.78705","0.00871"
"3.35400","7.78753","0.00869"
"3.36000","7.78806","0.00871"
"3.36600","7.78854","0.00872"
"3.37200","7.78908","0.00855"
"3.37800","7.78956","0.00845"
"3.38400","7.79004","0.00840"
"3.39000","7.79052","0.00830"
"3.39600","7.79105","0.00824"
"3.40200","7.79153","0.00828"
"3.40800","7.79201","0.00830"
"3.41400","7.79249","0.00823"
"3.42000","7.79303","0.00809"
"3.42600","7.79351","0.00804"
"3.43200","7.79398","0.00807"
"3.43800","7.79452","0.00809"
"3.44400","7.79500","0.00816"
"3.45000","7.79554","0.00830"
"3.45600","7.79602","0.00831"
"3.46200","7.79650","0.00840"
"3.46800","7.79703","0.00839"
"3.47400","7.79751","0.00836"
"3.48000","7.79799","0.00828"
"3.48600","7.79853","0.00812"
"3.49200","7.79901","0.00803"
"3.49800","7.79954","0.00802"
"3.50400","7.80002","0.00804"
"3.51000","7.80056","0.00807"
"3.51600","7.80104","0.00812"
"3.52200","7.80158","0.00817"
"3.52800","7.80206","0.00827"
"3.53400","7.80253","0.00835"
"3.54000","7.80301","0.00840"
"3.54600","7.80349","0.00849"
"3.55200","7.80397","0.00856"
"3.55800","7.80451","0.00858"
"3.56400","7.80499","0.00860"
"3.57000","7.80546","0.00855"
"3.57600","7.80594","0.00854"
"3.58200","7.80648","0.00860"
"3.58800","7.80696","0.00859"
"3.59400","7.80744","0.00854"
"3.60000","7.80798","0.00845"
"3.60600","7.80845","0.00837"
"3.61200","7.80893","0.00835"
"3.61800","7.80947","0.00831"
"3.62400","7.80995","0.00825"
"3.63000","7.81043","0.00821"
"3.63600","7.81096","0.00812"
"3.64200","7.81144","0.00805"
"3.64800","7.81198","0.00815"
"3.65400","7.81246","0.00821"
"3.66000","7.81294","0.00821"
"3.66600","7.81348","0.00821"
"3.67200","7.81395","0.00820"
"3.67800","7.81443","0.00816"
"3.68400","7.81491","0.00814"
"3.69000","7.81545","0.00811"
"3.69600","7.81593","0.00811"
"3.70200","7.81640","0.00811"
"3.70800","7.81694","0.00818"
"3.71400","7.81742","0.00825"
"3.72000","7.81796","0.00827"
"3.72600","7.81844","0.00827"
"3.73200","7.81898","0.00826"
"3.73800","7.81945","0.00829"
"3.74400","7.81993","0.00834"
"3.75000","7.82047","0.00845"
"3.75600","7.82095","0.00851"
"3.76200","7.82149","0.00854"
"3.76800","7.82197","0.00851"
"3.77400","7.82250","0.00841"
"3.78000","7.82298","0.00841"
"3.78600","7.82352","0.00840"
"3.79200","7.82400","0.00846"
"3.79800","7.82454","0.00861"
"3.80400","7.82502","0.00865"
"3.81000","7.82555","0.00859"
"3.81600","7.82603","0.00848"
"3.82200","7.82657","0.00838"
"3.82800","7.82705","0.00838"
"3.83400","7.82753","0.00835"
"3.84000","7.82800","0.00829"
"3.84600","7.82854","0.00830"
"3.85200","7.82902","0.00821"
"3.85800","7.82956","0.00814"
"3.86400","7.83004","0.00816"
"3.87000","7.83052","0.00820"
"3.87600","7.83105","0.00821"
"3.88200","7.83153","0.00828"
"3.88800","7.83201","0.00824"
"3.89400","7.83249","0.00819"
"3.90000","7.83303","0.00824"
"3.90600","7.83351","0.00828"
"3.91200","7.83404","0.00831"
"3.91800","7.83452","0.00830"
"3.92400","7.83500","0.00824"
"3.93000","7.83554","0.00821"
"3.93600","7.83608","0.00822"
"3.94200","7.83655","0.00831"
"3.94800","7.83703","0.00844"
"3.95400","7.83757","0.00849"
"3.96000","7.83805","0.00851"
"3.96600","7.83853","0.00855"
"3.97200","7.83901","0.00852"
"3.97800","7.83948","0.00851"
"3.98400","7.84002","0.00851"
"3.99000","7.84050","0.00848"
"3.99600","7.84104","0.00849"
"4.00200","7.84152","0.00849"
"4.00800","7.84199","0.00846"
"4.01400","7.84253","0.00836"
"4.02000","7.84301","0.00831"
"4.02600","7.84349","0.00827"
"4.03200","7.84403","0.00826"
"4.03800","7.84451","0.00825"
"4.04400","7.84498","0.00824"
"4.05000","7.84552","0.00826"
"4.05600","7.84600","0.00823"
"4.06200","7.84654","0.00822"
"4.06800","7.84702","0.00818"
"4.07400","7.84756","0.00810"
"4.08000","7.84803","0.00817"
"4.08600","7.84857","0.00827"
"4.09200","7.84905","0.00836"
"4.09800","7.84953","0.00841"
"4.10400","7.85007","0.00831"
"4.11000","7.85054","0.00819"
"4.11600","7.85102","0.00816"
"4.12200","7.85150","0.00818"
"4.12800","7.85198","0.00833"
"4.13400","7.85246","0.00839"
"4.14000","7.85300","0.00842"
"4.14600","7.85347","0.00844"
"4.15200","7.85395","0.00836"
"4.15800","7.85449","0.00827"
"4.16400","7.85497","0.00826"
"4.17000","7.85545","0.00824"
"4.17600","7.85593","0.00823"
"4.18200","7.85646","0.00830"
"4.18800","7.85694","0.00833"
"4.19400","7.85742","0.00833"
"4.20000","7.85796","0.00833"
"4.20600","7.85844","0.00838"
"4.21200","7.85897","0.00840"
"4.21800","7.85945","0.00830"
"4.22400","7.85999","0.00820"
"4.23000","7.86047","0.00813"
"4.23600","7.86101","0.00798"
"4.24200","7.86149","0.00786"
"4.24800","7.86202","0.00785"
"4.25400","7.86250","0.00788"
"4.26000","7.86298","0.00791"
"4.26600","7.86352","0.00798"
"4.27200","7.86400","0.00799"
"4.27800","7.86448","0.00807"
"4.28400","7.86501","0.00819"
"4.29000","7.86549","0.00834"
"4.29600","7.86597","0.00847"
"4.30200","7.86645","0.00854"
"4.30800","7.86699","0.00851"
"4.31400","7.86747","0.00851"
"4.32000","7.86794","0.00855"
"4.32600","7.86848","0.00857"
"4.33200","7.86896","0.00853"
"4.33800","7.86950","0.00845"
"4.34400","7.86998","0.00834"
"4.35000","7.87051","0.00826"
"4.35600","7.87099","0.00818"
"4.36200","7.87153","0.00821"
"4.36800","7.87201","0.00824"
"4.37400","7.87255","0.00827"
"4.38000","7.87303","0.00836"
"4.38600","7.87356","0.00840"
"4.39200","7.87404","0.00835"
"4.39800","7.87452","0.00832"
"4.40400","7.87506","0.00828"
"4.41000","7.87554","0.00830"
"4.41600","7.87602","0.00829"
"4.42200","7.87655","0.00825"
"4.42800","7.87703","0.00829"
"4.43400","7.87751","0.00838"
"4.44000","7.87799","0.00846"
"4.44600","7.87853","0.00857"
"4.45200","7.87900","0.00867"
"4.45800","7.87948","0.00872"
"4.46400","7.87996","0.00865"
"4.47000","7.88050","0.00850"
"4.47600","7.88098","0.00842"
"4.48200","7.88152","0.00845"
"4.48800","7.88199","0.00844"
"4.49400","7.88253","0.00835"
"4.50000","7.88307","0.00825"
"4.50600","7.88355","0.00827"
"4.51200","7.88403","0.00841"
"4.51800","7.88456","0.00857"
"4.52400","7.88504","0.00868"
"4.53000","7.88558","0.00879"
"4.53600","7.88606","0.00878"
"4.54200","7.88654","0.00865"
"4.54800","7.88708","0.00854"
"4.55400","7.88755","0.00843"
"4.56000","7.88803","0.00831"
"4.56600","7.88851","0.00815"
"4.57200","7.88905","0.00801"
"4.57800","7.88953","0.00803"
"4.58400","7.89001","0.00810"
"4.59000","7.89048","0.00823"
"4.59600","7.89096","0.00835"
"4.60200","7.89150","0.00834"
"4.60800","7.89198","0.00826"
"4.61400","7.89246","0.00828"
"4.62000","7.89294","0.00831"
"4.62600","7.89347","0.00837"
"4.63200","7.89395","0.00844"
"4.63800","7.89449","0.00841"
"4.64400","7.89497","0.00837"
"4.65000","7.89551","0.00837"
"4.65600","7.89598","0.00840"
"4.66200","7.89646","0.00845"
"4.66800","7.89700","0.00851"
"4.67400","7.89748","0.00844"
"4.68000","7.89796","0.00846"
"4.68600","7.89844","0.00846"
"4.69200","7.89897","0.00850"
"4.69800","7.89945","0.00850"
"4.70400","7.89993","0.00848"
"4.71000","7.90041","0.00839"
"4.71600","7.90095","0.00835"
"4.72200","7.90143","0.00830"
"4.72800","7.90190","0.00833"
"4.73400","7.90244","0.00836"
"4.74000","7.90292","0.00833"
"4.74600","7.90340","0.00840"
"4.75200","7.90394","0.00847"
"4.75800","7.90442","0.00844"
"4.76400","7.90489","0.00848"
"4.77000","7.90543","0.00848"
"4.77600","7.90591","0.00838"
"4.78200","7.90645","0.00834"
"4.78800","7.90693","0.00831"
"4.79400","7.90746","0.00831"
"4.80000","7.90800","0.00836"
"4.80600","7.90848","0.00836"
"4.81200","7.90902","0.00836"
"4.81800","7.90950","0.00837"
"4.82400","7.90998","0.00835"
"4.83000","7.91045","0.00845"
"4.83600","7.91093","0.00854"
"4.84200","7.91147","0.00855"
"4.84800","7.91195","0.00858"
"4.85400","7.91243","0.00862"
"4.86000","7.91297","0.00864"
"4.86600","7.91344","0.00861"
"4.87200","7.91392","0.00851"
"4.87800","7.91446","0.00845"
"4.88400","7.91494","0.00838"
"4.89000","7.91548","0.00827"
"4.89600","7.91596","0.00828"
"4.90200","7.91643","0.00831"
"4.90800","7.91697","0.00834"
"4.91400","7.91745","0.00837"
"4.92000","7.91799","0.00841"
"4.92600","7.91847","0.00848"
"4.93200","7.91900","0.00854"
"4.93800","7.91948","0.00850"
"4.94400","7.92002","0.00849"
"4.95000","7.92050","0.00851"
"4.95600","7.92104","0.00843"
"4.96200","7.92151","0.00835"
"4.96800","7.92199","0.00825"
"4.97400","7.92253","0.00816"
"4.98000","7.92301","0.00818"
"4.98600","7.92349","0.00815"
"4.99200","7.92403","0.00805"
"4.99800","7.92450","0.00806"
"5.00400","7.92498","0.00814"
"5.01000","7.92546","0.00822"
"5.01600","7.92600","0.00840"
"5.02200","7.92648","0.00845"
"5.02800","7.92696","0.00854"
"5.03400","7.92749","0.00856"
"5.04000","7.92797","0.00842"
"5.04600","7.92851","0.00829"
"5.05200","7.92899","0.00823"
"5.05800","7.92947","0.00818"
"5.06400","7.93001","0.00814"
"5.07000","7.93048","0.00804"
"5.07600","7.93102","0.00798"
"5.08200","7.93150","0.00800"
"5.08800","7.93204","0.00808"
"5.09400","7.93252","0.00820"
"5.10000","7.93299","0.00826"
"5.10600","7.93353","0.00822"
"5.11200","7.93401","0.00818"
"5.11800","7.93449","0.00816"
"5.12400","7.93503","0.00818"
"5.13000","7.93551","0.00822"
"5.13600","7.93598","0.00815"
"5.14200","7.93652","0.00801"
"5.14800","7.93700","0.00797"
"5.15400","7.93748","0.00800"
"5.16000","7.93796","0.00819"
"5.16600","7.93844","0.00840"
"5.17200","7.93891","0.00851"
"5.17800","7.93945","0.00852"
"5.18400","7.93993","0.00847"
"5.19000","7.94041","0.00842"
"5.19600","7.94095","0.00843"
"5.20200","7.94142","0.00844"
"5.20800","7.94196","0.00838"
"5.21400","7.94244","0.00837"
"5.22000","7.94298","0.00828"
"5.22600","7.94346","0.00817"
"5.23200","7.94400","0.00816"
"5.23800","7.94447","0.00819"
"5.24400","7.94495","0.00824"
"5.25000","7.94549","0.00822"
"5.25600","7.94597","0.00824"
"5.26200","7.94645","0.00832"
"5.26800","7.94693","0.00838"
"5.27400","7.94740","0.00838"
"5.28000","7.94794","0.00847"
"5.28600","7.94842","0.00845"
"5.29200","7.94890","0.00835"
"5.29800","7.94938","0.00836"
"5.30400","7.94991","0.00834"
"5.31000","7.95039","0.00829"
"5.31600","7.95087","0.00820"
"5.32200","7.95141","0.00809"
"5.32800","7.95189","0.00806"
"5.33400","7.95243","0.00807"
"5.34000","7.95290","0.00810"
"5.34600","7.95344","0.00819"
"5.35200","7.95392","0.00832"
"5.35800","7.95446","0.00833"
"5.36400","7.95494","0.00834"
"5.37000","7.95548","0.00831"
"5.37600","7.95601","0.00825"
"5.38200","7.95649","0.00827"
"5.38800","7.95703","0.00825"
"5.39400","7.95751","0.00819"
"5.40000","7.95799","0.00820"
"5.40600","7.95852","0.00819"
"5.41200","7.95900","0.00826"
"5.41800","7.95948","0.00837"
"5.42400","7.96002","0.00838"
"5.43000","7.96050","0.00841"
"5.43600","7.96098","0.00846"
"5.44200","7.96151","0.00848"
"5.44800","7.96199","0.00851"
"5.45400","7.96247","0.00853"
"5.46000","7.96301","0.00853"
"5.46600","7.96349","0.00848"
"5.47200","7.96397","0.00837"
"5.47800","7.96450","0.00833"
"5.48400","7.96498","0.00827"
"5.49000","7.96552","0.00812"
"5.49600","7.96600","0.00805"
"5.50200","7.96654","0.00804"
"5.50800","7.96701","0.00801"
"5.51400","7.96755","0.00807"
"5.52000","7.96803","0.00812"
"5.52600","7.96857","0.00813"
"5.53200","7.96905","0.00810"
"5.53800","7.96953","0.00800"
"5.54400","7.97006","0.00798"
"5.55000","7.97054","0.00806"
"5.55600","7.97102","0.00815"
"5.56200","7.97150","0.00825"
"5.56800","7.97198","0.00827"
"5.57400","7.97252","0.00820"
"5.58000","7.97299","0.00820"
"5.58600","7.97347","0.00821"
"5.59200","7.97401","0.00821"
"5.59800","7.97449","0.00820"
"5.60400","7.97497","0.00817"
"5.61000","7.97550","0.00814"
"5.61600","7.97598","0.00820"
"5.62200","7.97646","0.00834"
"5.62800","7.97700","0.00850"
"5.63400","7.97748","0.00862"
"5.64000","7.97796","0.00861"
"5.64600","7.97849","0.00857"
"5.65200","7.97897","0.00856"
"5.65800","7.97951","0.00859"
"5.66400","7.97999","0.00862"
"5.67000","7.98053","0.00860"
"5.67600","7.98101","0.00862"
"5.68200","7.98148","0.00857"
"5.68800","7.98196","0.00838"
"5.69400","7.98250","0.00827"
"5.70000","7.98298","0.00827"
"5.70600","7.98346","0.00830"
"5.71200","7.98399","0.00829"
"5.71800","7.98447","0.00829"
"5.72400","7.98495","0.00823"
"5.73000","7.98549","0.00824"
"5.73600","7.98597","0.00825"
"5.74200","7.98651","0.00819"
"5.74800","7.98698","0.00814"
"5.75400","7.98746","0.00808"
"5.76000","7.98800","0.00806"
"5.76600","7.98848","0.00812"
"5.77200","7.98896","0.00815"
"5.77800","7.98950","0.00822"
"5.78400","7.98997","0.00825"
"5.79000","7.99045","0.00823"
"5.79600","7.99099","0.00818"
"5.80200","7.99147","0.00813"
"5.80800","7.99195","0.00803"
"5.81400","7.99249","0.00800"
"5.82000","7.99296","0.00802"
"5.82600","7.99344","0.00803"
"5.83200","7.99398","0.00805"
"5.83800","7.99446","0.00810"
"5.84400","7.99494","0.00816"
"5.85000","7.99548","0.00825"
"5.85600","7.99595","0.00823"
"5.86200","7.99643","0.00819"
"5.86800","7.99697","0.00819"
"5.87400","7.99745","0.00826"
"5.88000","7.99793","0.00840"
"5.88600","7.99846","0.00839"
"5.89200","7.99894","0.00834"
"5.89800","7.99948","0.00843"
"5.90400","7.99996","0.00853"
"5.91000","8.00044","0.00865"
"5.91600","8.00098","0.00878"
"5.92200","8.00145","0.00884"
"5.92800","8.00199","0.00884"
"5.93400","8.00247","0.00876"
"5.94000","8.00295","0.00858"
"5.94600","8.00349","0.00854"
"5.95200","8.00397","0.00854"
"5.95800","8.00444","0.00852"
"5.96400","8.00492","0.00846"
"5.97000","8.00546","0.00837"
"5.97600","8.00594","0.00827"
"5.98200","8.00648","0.00826"
"5.98800","8.00695","0.00820"
"5.99400","8.00749","0.00814"
"6.00000","8.00797","0.00809"
"6.00600","8.00851","0.00806"
"6.01200","8.00899","0.00808"
"6.01800","8.00953","0.00810"
"6.02400","8.01000","0.00808"
"6.03000","8.01048","0.00812"
"6.03600","8.01102","0.00810"
"6.04200","8.01150","0.00808"
"6.04800","8.01198","0.00817"
"6.05400","8.01245","0.00824"
"6.06000","8.01299","0.00824"
"6.06600","8.01347","0.00820"
"6.07200","8.01401","0.00813"
"6.07800","8.01449","0.00812"
"6.08400","8.01497","0.00822"
"6.09000","8.01550","0.00828"
"6.09600","8.01598","0.00832"
"6.10200","8.01646","0.00832"
"6.10800","8.01700","0.00828"
"6.11400","8.01748","0.00832"
"6.12000","8.01801","0.00832"
"6.12600","8.01849","0.00831"
"6.13200","8.01903","0.00838"
"6.13800","8.01951","0.00842"
"6.14400","8.01999","0.00840"
"6.15000","8.02053","0.00831"
"6.15600","8.02100","0.00818"
"6.16200","8.02154","0.00810"
"6.16800","8.02202","0.00809"
"6.17400","8.02250","0.00813"
"6.18000","8.02304","0.00825"
"6.18600","8.02352","0.00835"
"6.19200","8.02399","0.00836"
"6.19800","8.02447","0.00837"
"6.20400","8.02501","0.00833"
"6.21000","8.02549","0.00822"
"6.21600","8.02597","0.00811"
"6.22200","8.02651","0.00802"
"6.22800","8.02698","0.00802"
"6.23400","8.02746","0.00809"
"6.24000","8.02800","0.00819"
"6.24600","8.02848","0.00832"
"6.25200","8.02896","0.00835"
"6.25800","8.02944","0.00832"
"6.26400","8.02997","0.00833"
"6.27000","8.03045","0.00835"
"6.27600","8.03099","0.00841"
"6.28200","8.03147","0.00850"
"6.28800","8.03195","0.00852"
"6.29400","8.03248","0.00845"
"6.30000","8.03302","0.00842"
"6.30600","8.03350","0.00834"
"6.31200","8.03404","0.00825"
"6.31800","8.03452","0.00819"
"6.32400","8.03500","0.00814"
"6.33000","8.03553","0.00821"
"6.33600","8.03601","0.00828"
"6.34200","8.03649","0.00829"
"6.34800","8.03697","0.00836"
"6.35400","8.03745","0.00838"
"6.36000","8.03798","0.00838"
"6.36600","8.03846","0.00834"
"6.37200","8.03894","0.00835"
"6.37800","8.03948","0.00841"
"6.38400","8.03996","0.00845"
"6.39000","8.04044","0.00836"
"6.39600","8.04097","0.00832"
"6.40200","8.04145","0.00822"
"6.40800","8.04199","0.00815"
"6.41400","8.04247","0.00819"
"6.42000","8.04295","0.00823"
"6.42600","8.04349","0.00828"
"6.43200","8.04396","0.00836"
"6.43800","8.04450","0.00837"
"6.44400","8.04498","0.00837"
"6.45000","8.04552","0.00839"
"6.45600","8.04600","0.00832"
"6.46200","8.04648","0.00834"
"6.46800","8.04701","0.00843"
"6.47400","8.04749","0.00846"
"6.48000","8.04797","0.00852"
"6.48600","8.04851","0.00856"
"6.49200","8.04899","0.00852"
"6.49800","8.04947","0.00847"
"6.50400","8.04994","0.00839"
"6.51000","8.05048","0.00833"
"6.51600","8.05096","0.00828"
"6.52200","8.05144","0.00817"
"6.52800","8.05198","0.00813"
"6.53400","8.05245","0.00810"
"6.54000","8.05299","0.00800"
"6.54600","8.05347","0.00795"
"6.55200","8.05401","0.00798"
"6.55800","8.05449","0.00803"
"6.56400","8.05497","0.00805"
"6.57000","8.05550","0.00803"
"6.57600","8.05598","0.00803"
"6.58200","8.05646","0.00809"
"6.58800","8.05700","0.00805"
"6.59400","8.05748","0.00812"
"6.60000","8.05795","0.00825"
"6.60600","8.05849","0.00826"
"6.61200","8.05897","0.00825"
"6.61800","8.05945","0.00826"
"6.62400","8.05999","0.00826"
"6.63000","8.06047","0.00832"
"6.63600","8.06100","0.00837"
"6.64200","8.06148","0.00836"
"6.64800","8.06196","0.00832"
"6.65400","8.06250","0.00822"
"6.66000","8.06298","0.00826"
"6.66600","8.06352","0.00839"
"6.67200","8.06399","0.00844"
"6.67800","8.06447","0.00846"
"6.68400","8.06501","0.00847"
"6.69000","8.06549","0.00839"
"6.69600","8.06597","0.00836"
"6.70200","8.06650","0.00840"
"6.70800","8.06698","0.00844"
"6.71400","8.06746","0.00844"
"6.72000","8.06800","0.00842"
"6.72600","8.06848","0.00834"
"6.73200","8.06896","0.00825"
"6.73800","8.06949","0.00817"
"6.74400","8.06997","0.00811"
"6.75000","8.07045","0.00810"
"6.75600","8.07099","0.00802"
"6.76200","8.07147","0.00797"
"6.76800","8.07195","0.00802"
"6.77400","8.07248","0.00804"
"6.78000","8.07296","0.00814"
"6.78600","8.07344","0.00821"
"6.79200","8.07392","0.00829"
"6.79800","8.07446","0.00844"
"6.80400","8.07493","0.00856"
"6.81000","8.07547","0.00869"
"6.81600","8.07595","0.00878"
"6.82200","8.07643","0.00879"
"6.82800","8.07697","0.00879"
"6.83400","8.07745","0.00870"
"6.84000","8.07792","0.00865"
"6.84600","8.07840","0.00867"
"6.85200","8.07894","0.00865"
"6.85800","8.07942","0.00855"
"6.86400","8.07990","0.00847"
"6.87000","8.08044","0.00849"
"6.87600","8.08091","0.00855"
"6.88200","8.08139","0.00859"
"6.88800","8.08193","0.00855"
"6.89400","8.08241","0.00851"
"6.90000","8.08289","0.00857"
"6.90600","8.08343","0.00858"
"6.91200","8.08390","0.00849"
"6.91800","8.08438","0.00843"
"6.92400","8.08492","0.00834"
"6.93000","8.08540","0.00829"
"6.93600","8.08594","0.00822"
"6.94200","8.08642","0.00819"
"6.94800","8.08695","0.00824"
"6.95400","8.08749","0.00825"
"6.96000","8.08797","0.00829"
"6.96600","8.08851","0.00835"
"6.97200","8.08899","0.00827"
"6.97800","8.08946","0.00823"
"6.98400","8.09000","0.00830"
"6.99000","8.09048","0.00835"
"6.99600","8.09096","0.00842"
"7.00200","8.09144","0.00842"
"7.00800","8.09198","0.00827"
"7.01400","8.09245","0.00815"
"7.02000","8.09299","0.00815"
"7.02600","8.09347","0.00831"
"7.03200","8.09401","0.00845"
"7.03800","8.09449","0.00838"
"7.04400","8.09496","0.00833"
"7.05000","8.09550","0.00832"
"7.05600","8.09598","0.00829"
"7.06200","8.09646","0.00826"
"7.06800","8.09700","0.00827"
"7.07400","8.09748","0.00823"
"7.08000","8.09801","0.00821"
"7.08600","8.09849","0.00816"
"7.09200","8.09903","0.00812"
"7.09800","8.09957","0.00814"
"7.10400","8.10005","0.00812"
"7.11000","8.10052","0.00813"
"7.11600","8.10100","0.00820"
"7.12200","8.10154","0.00815"
"7.12800","8.10202","0.00817"
"7.13400","8.10250","0.00826"
"7.14000","8.10298","0.00831"
"7.14600","8.10345","0.00831"
"7.15200","8.10393","0.00829"
"7.15800","8.10447","0.00824"
"7.16400","8.10495","0.00826"
"7.17000","8.10543","0.00824"
"7.17600","8.10597","0.00826"
"7.18200","8.10644","0.00831"
"7.18800","8.10698","0.00830"
"7.19400","8.10746","0.00829"
"7.20000","8.10800","0.00831"
"7.20600","8.10848","0.00827"
"7.21200","8.10895","0.00827"
"7.21800","8.10949","0.00825"
"7.22400","8.10997","0.00826"
"7.23000","8.11051","0.00830"
"7.23600","8.11099","0.00830"
"7.24200","8.11153","0.00834"
"7.24800","8.11206","0.00841"
"7.25400","8.11254","0.00837"
"7.26000","8.11302","0.00832"
"7.26600","8.11356","0.00839"
"7.27200","8.11404","0.00834"
"7.27800","8.11452","0.00826"
"7.28400","8.11499","0.00829"
"7.29000","8.11547","0.00830"
"7.29600","8.11601","0.00836"
"7.30200","8.11649","0.00838"
"7.30800","8.11697","0.00840"
"7.31400","8.11751","0.00846"
"7.32000","8.11798","0.00845"
"7.32600","8.11846","0.00838"
"7.33200","8.11900","0.00836"
"7.33800","8.11948","0.00833"
"7.34400","8.11996","0.00835"
"7.35000","8.12049","0.00833"
"7.35600","8.12097","0.00827"
"7.36200","8.12151","0.00827"
"7.36800","8.12199","0.00834"
"7.37400","8.12253","0.00833"
"7.38000","8.12301","0.00836"
"7.38600","8.12354","0.00835"
"7.39200","8.12402","0.00832"
"7.39800","8.12450","0.00831"
"7.40400","8.12498","0.00826"
"7.41000","8.12552","0.00821"
"7.41600","8.12600","0.00825"
"7.42200","8.12647","0.00822"
"7.42800","8.12695","0.00824"
"7.43400","8.12743","0.00827"
"7.44000","8.12797","0.00825"
"7.44600","8.12845","0.00825"
"7.45200","8.12893","0.00827"
"7.45800","8.12946","0.00827"
"7.46400","8.12994","0.00829"
"7.47000","8.13042","0.00827"
"7.47600","8.13096","0.00825"
"7.48200","8.13144","0.00832"
"7.48800","8.13192","0.00825"
"7.49400","8.13245","0.00815"
"7.50000","8.13293","0.00812"
"7.50600","8.13347","0.00809"
"7.51200","8.13401","0.00807"
"7.51800","8.13449","0.00815"
"7.52400","8.13502","0.00821"
"7.53000","8.13550","0.00826"
"7.53600","8.13604","0.00826"
"7.54200","8.13652","0.00832"
"7.54800","8.13706","0.00842"
"7.55400","8.13753","0.00845"
"7.56000","8.13801","0.00841"
"7.56600","8.13855","0.00841"
"7.57200","8.13903","0.00834"
"7.57800","8.13951","0.00831"
"7.58400","8.13999","0.00838"
"7.59000","8.14052","0.00837"
"7.59600","8.14100","0.00826"
"7.60200","8.14148","0.00821"
"7.60800","8.14202","0.00815"
"7.61400","8.14250","0.00813"
"7.62000","8.14297","0.00810"
"7.62600","8.14345","0.00814"
"7.63200","8.14399","0.00831"
"7.63800","8.14447","0.00846"
"7.64400","8.14501","0.00848"
"7.65000","8.14549","0.00858"
"7.65600","8.14603","0.00852"
"7.66200","8.14650","0.00841"
"7.66800","8.14704","0.00839"
"7.67400","8.14752","0.00835"
"7.68000","8.14800","0.00839"
"7.68600","8.14854","0.00847"
"7.69200","8.14901","0.00854"
"7.69800","8.14949","0.00857"
"7.70400","8.15003","0.00846"
"7.71000","8.15051","0.00833"
"7.71600","8.15099","0.00824"
"7.72200","8.15147","0.00813"
"7.72800","8.15200","0.00814"
"7.73400","8.15248","0.00824"
"7.74000","8.15296","0.00832"
"7.74600","8.15344","0.00840"
"7.75200","8.15398","0.00844"
"7.75800","8.15445","0.00843"
"7.76400","8.15493","0.00842"
"7.77000","8.15547","0.00835"
"7.77600","8.15595","0.00823"
"7.78200","8.15643","0.00823"
"7.78800","8.15697","0.00818"
"7.79400","8.15744","0.00818"
"7.80000","8.15798","0.00832"
"7.80600","8.15852","0.00835"
"7.81200","8.15900","0.00831"
"7.81800","8.15954","0.00830"
"7.82400","8.16002","0.00828"
"7.83000","8.16049","0.00827"
"7.83600","8.16103","0.00827"
"7.84200","8.16151","0.00827"
"7.84800","8.16199","0.00836"
"7.85400","8.16247","0.00841"
"7.86000","8.16295","0.00832"
"7.86600","8.16348","0.00820"
"7.87200","8.16396","0.00808"
"7.87800","8.16444","0.00808"
"7.88400","8.16498","0.00814"
"7.89000","8.16546","0.00815"
"7.89600","8.16594","0.00813"
"7.90200","8.16647","0.00810"
"7.90800","8.16695","0.00804"
"7.91400","8.16743","0.00810"
"7.92000","8.16797","0.00816"
"7.92600","8.16845","0.00816"
"7.93200","8.16898","0.00825"
"7.93800","8.16946","0.00822"
"7.94400","8.17000","0.00822"
"7.95000","8.17048","0.00825"
"7.95600","8.17102","0.00825"
"7.96200","8.17150","0.00833"
"7.96800","8.17197","0.00845"
"7.97400","8.17251","0.00852"
"7.98000","8.17299","0.00862"
"7.98600","8.17347","0.00867"
"7.99200","8.17395","0.00864"
"7.99800","8.17448","0.00847"
"8.00400","8.17496","0.00825"
"8.01000","8.17544","0.00809"
"8.01600","8.17592","0.00808"
"8.02200","8.17646","0.00809"
"8.02800","8.17694","0.00811"
"8.03400","8.17741","0.00814"
"8.04000","8.17795","0.00809"
"8.04600","8.17843","0.00815"
"8.05200","8.17891","0.00822"
"8.05800","8.17945","0.00822"
"8.06400","8.17992","0.00829"
"8.07000","8.18046","0.00825"
"8.07600","8.18094","0.00820"
"8.08200","8.18148","0.00817"
"8.08800","8.18202","0.00810"
"8.09400","8.18250","0.00810"
"8.10000","8.18297","0.00820"
"8.10600","8.18351","0.00826"
"8.11200","8.18399","0.00838"
"8.11800","8.18447","0.00851"
"8.12400","8.18501","0.00855"
"8.13000","8.18549","0.00858"
"8.13600","8.18596","0.00857"
"8.14200","8.18644","0.00856"
"8.14800","8.18698","0.00865"
"8.15400","8.18746","0.00869"
"8.16000","8.18800","0.00866"
"8.16600","8.18847","0.00867"
"8.17200","8.18895","0.00865"
"8.17800","8.18949","0.00861"
"8.18400","8.18997","0.00851"
"8.19000","8.19045","0.00834"
"8.19600","8.19099","0.00817"
"8.20200","8.19146","0.00815"
"8.20800","8.19194","0.00815"
"8.21400","8.19248","0.00814"
"8.22000","8.19296","0.00801"
"8.22600","8.19350","0.00794"
"8.23200","8.19398","0.00795"
"8.23800","8.19451","0.00793"
"8.24400","8.19499","0.00790"
"8.25000","8.19553","0.00787"
"8.25600","8.19601","0.00782"
"8.26200","8.19649","0.00784"
"8.26800","8.19703","0.00793"
"8.27400","8.19750","0.00801"
"8.28000","8.19798","0.00813"
"8.28600","8.19846","0.00822"
"8.29200","8.19900","0.00822"
"8.29800","8.19948","0.00820"
"8.30400","8.20002","0.00818"
"8.31000","8.20049","0.00821"
"8.31600","8.20097","0.00835"
"8.32200","8.20151","0.00843"
"8.32800","8.20199","0.00838"
"8.33400","8.20247","0.00833"
"8.34000","8.20300","0.00819"
"8.34600","8.20348","0.00817"
"8.35200","8.20396","0.00821"
"8.35800","8.20450","0.00822"
"8.36400","8.20498","0.00826"
"8.37000","8.20551","0.00831"
"8.37600","8.20599","0.00835"
"8.38200","8.20653","0.00839"
"8.38800","8.20701","0.00831"
"8.39400","8.20755","0.00810"
"8.40000","8.20803","0.00797"
"8.40600","8.20850","0.00791"
"8.41200","8.20898","0.00795"
"8.41800","8.20952","0.00807"
"8.42400","8.21000","0.00817"
"8.43000","8.21048","0.00834"
"8.43600","8.21096","0.00836"
"8.44200","8.21149","0.00832"
"8.44800","8.21197","0.00840"
"8.45400","8.21245","0.00849"
"8.46000","8.21299","0.00854"
"8.46600","8.21347","0.00854"
"8.47200","8.21401","0.00849"
"8.47800","8.21448","0.00830"
"8.48400","8.21496","0.00822"
"8.49000","8.21544","0.00823"
"8.49600","8.21598","0.00826"
"8.50200","8.21646","0.00829"
"8.50800","8.21694","0.00825"
"8.51400","8.21747","0.00827"
"8.52000","8.21795","0.00832"
"8.52600","8.21849","0.00837"
"8.53200","8.21897","0.00843"
"8.53800","8.21951","0.00846"
"8.54400","8.21998","0.00845"
"8.55000","8.22046","0.00838"
"8.55600","8.22094","0.00830"
"8.56200","8.22148","0.00825"
"8.56800","8.22196","0.00826"
"8.57400","8.22244","0.00819"
"8.58000","8.22297","0.00824"
"8.58600","8.22345","0.00834"
"8.59200","8.22399","0.00836"
"8.59800","8.22447","0.00837"
"8.60400","8.22495","0.00835"
"8.61000","8.22548","0.00835"
"8.61600","8.22596","0.00838"
"8.62200","8.22650","0.00842"
"8.62800","8.22698","0.00852"
"8.63400","8.22746","0.00866"
"8.64000","8.22800","0.00866"
"8.64600","8.22847","0.00857"
"8.65200","8.22901","0.00846"
"8.65800","8.22949","0.00840"
"8.66400","8.23003","0.00838"
"8.67000","8.23051","0.00839"
"8.67600","8.23105","0.00836"
"8.68200","8.23152","0.00832"
"8.68800","8.23206","0.00825"
"8.69400","8.23254","0.00815"
"8.70000","8.23302","0.00818"
"8.70600","8.23356","0.00836"
"8.71200","8.23404","0.00849"
"8.71800","8.23451","0.00858"
"8.72400","8.23505","0.00859"
"8.73000","8.23553","0.00859"
"8.73600","8.23601","0.00852"
"8.74200","8.23649","0.00842"
"8.74800","8.23702","0.00839"
"8.75400","8.23750","0.00836"
"8.76000","8.23798","0.00826"
"8.76600","8.23846","0.00813"
"8.77200","8.23900","0.00800"
"8.77800","8.23948","0.00796"
"8.78400","8.24001","0.00809"
"8.79000","8.24049","0.00823"
"8.79600","8.24097","0.00838"
"8.80200","8.24151","0.00844"
"8.80800","8.24199","0.00842"
"8.81400","8.24253","0.00851"
"8.82000","8.24300","0.00861"
"8.82600","8.24348","0.00865"
"8.83200","8.24402","0.00870"
"8.83800","8.24450","0.00859"
"8.84400","8.24498","0.00839"
"8.85000","8.24545","0.00824"
"8.85600","8.24599","0.00815"
"8.86200","8.24647","0.00814"
"8.86800","8.24695","0.00819"
"8.87400","8.24749","0.00821"
"8.88000","8.24797","0.00826"
"8.88600","8.24850","0.00828"
"8.89200","8.24898","0.00826"
"8.89800","8.24946","0.00823"
"8.90400","8.25000","0.00824"
"8.91000","8.25048","0.00826"
"8.91600","8.25096","0.00822"
"8.92200","8.25143","0.00824"
"8.92800","8.25197","0.00823"
"8.93400","8.25245","0.00827"
"8.94000","8.25299","0.00826"
"8.94600","8.25347","0.00827"
"8.95200","8.25400","0.00835"
"8.95800","8.25448","0.00846"
"8.96400","8.25496","0.00861"
"8.97000","8.25550","0.00863"
"8.97600","8.25598","0.00850"
"8.98200","8.25646","0.00842"
"8.98800","8.25693","0.00837"
"8.99400","8.25747","0.00829"
"9.00000","8.25795","0.00826"
"9.00600","8.25843","0.00820"
"9.01200","8.25897","0.00809"
"9.01800","8.25945","0.00808"
"9.02400","8.25998","0.00810"
"9.03000","8.26046","0.00811"
"9.03600","8.26094","0.00805"
"9.04200","8.26142","0.00797"
"9.04800","8.26196","0.00797"
"9.05400","8.26243","0.00809"
"9.06000","8.26291","0.00816"
"9.06600","8.26339","0.00823"
"9.07200","8.26393","0.00814"
"9.07800","8.26441","0.00802"
"9.08400","8.26495","0.00800"
"9.09000","8.26542","0.00805"
"9.09600","8.26596","0.00813"
"9.10200","8.26644","0.00811"
"9.10800","8.26698","0.00808"
"9.11400","8.26752","0.00815"
"9.12000","8.26800","0.00824"
"9.12600","8.26847","0.00823"
"9.13200","8.26901","0.00824"
"9.13800","8.26949","0.00825"
"9.14400","8.26997","0.00817"
"9.15000","8.27045","0.00812"
"9.15600","8.27098","0.00809"
"9.16200","8.27146","0.00807"
"9.16800","8.27194","0.00818"
"9.17400","8.27248","0.00828"
"9.18000","8.27296","0.00831"
"9.18600","8.27350","0.00826"
"9.19200","8.27397","0.00819"
"9.19800","8.27445","0.00818"
"9.20400","8.27493","0.00816"
"9.21000","8.27547","0.00808"
"9.21600","8.27595","0.00807"
"9.22200","8.27649","0.00797"
"9.22800","8.27696","0.00794"
"9.23400","8.27750","0.00801"
"9.24000","8.27798","0.00802"
"9.24600","8.27852","0.00800"
"9.25200","8.27906","0.00796"
"9.25800","8.27954","0.00793"
"9.26400","8.28001","0.00796"
"9.27000","8.28055","0.00801"
"9.27600","8.28103","0.00807"
"9.28200","8.28151","0.00825"
"9.28800","8.28199","0.00837"
"9.29400","8.28246","0.00840"
"9.30000","8.28294","0.00840"
"9.30600","8.28348","0.00835"
"9.31200","8.28396","0.00830"
"9.31800","8.28444","0.00831"
"9.32400","8.28498","0.00833"
"9.33000","8.28545","0.00834"
"9.33600","8.28593","0.00830"
"9.34200","8.28647","0.00823"
"9.34800","8.28695","0.00821"
"9.35400","8.28749","0.00824"
"9.36000","8.28797","0.00819"
"9.36600","8.28844","0.00820"
"9.37200","8.28898","0.00816"
"9.37800","8.28946","0.00815"
"9.38400","8.29000","0.00816"
"9.39000","8.29048","0.00813"
"9.39600","8.29101","0.00817"
"9.40200","8.29149","0.00816"
"9.40800","8.29197","0.00810"
"9.41400","8.29251","0.00810"
"9.42000","8.29299","0.00816"
"9.42600","8.29347","0.00820"
"9.43200","8.29400","0.00827"
"9.43800","8.29448","0.00830"
"9.44400","8.29496","0.00824"
"9.45000","8.29544","0.00823"
"9.45600","8.29592","0.00825"
"9.46200","8.29646","0.00836"
"9.46800","8.29693","0.00847"
"9.47400","8.29741","0.00848"
"9.48000","8.29795","0.00850"
"9.48600","8.29843","0.00843"
"9.49200","8.29891","0.00834"
"9.49800","8.29945","0.00841"
"9.50400","8.29992","0.00847"
"9.51000","8.30040","0.00845"
"9.51600","8.30094","0.00842"
"9.52200","8.30148","0.00843"
"9.52800","8.30196","0.00845"
"9.53400","8.30249","0.00843"
"9.54000","8.30297","0.00835"
"9.54600","8.30345","0.00822"
"9.55200","8.30399","0.00814"
"9.55800","8.30447","0.00809"
"9.56400","8.30501","0.00807"
"9.57000","8.30548","0.00810"
"9.57600","8.30596","0.00807"
"9.58200","8.30650","0.00806"
"9.58800","8.30698","0.00804"
"9.59400","8.30746","0.00807"
"9.60000","8.30793","0.00814"
"9.60600","8.30847","0.00819"
"9.61200","8.30895","0.00816"
"9.61800","8.30943","0.00815"
"9.62400","8.30991","0.00823"
"9.63000","8.31045","0.00832"
"9.63600","8.31092","0.00843"
"9.64200","8.31146","0.00846"
"9.64800","8.31194","0.00849"
"9.65400","8.31248","0.00847"
"9.66000","8.31296","0.00839"
"9.66600","8.31350","0.00829"
"9.67200","8.31397","0.00817"
"9.67800","8.31445","0.00815"
"9.68400","8.31499","0.00818"
"9.69000","8.31547","0.00820"
"9.69600","8.31601","0.00821"
"9.70200","8.31649","0.00819"
"9.70800","8.31696","0.00811"
"9.71400","8.31750","0.00806"
"9.72000","8.31798","0.00811"
"9.72600","8.31852","0.00821"
"9.73200","8.31900","0.00824"
"9.73800","8.31947","0.00825"
"9.74400","8.32001","0.00826"
"9.75000","8.32049","0.00826"
"9.75600","8.32097","0.00816"
"9.76200","8.32151","0.00802"
"9.76800","8.32199","0.00798"
"9.77400","8.32246","0.00800"
"9.78000","8.32300","0.00806"
"9.78600","8.32348","0.00819"
"9.79200","8.32402","0.00830"
"9.79800","8.32450","0.00831"
"9.80400","8.32498","0.00824"
"9.81000","8.32551","0.00817"
"9.81600","8.32599","0.00821"
"9.82200","8.32653","0.00820"
"9.82800","8.32701","0.00813"
"9.83400","8.32749","0.00803"
"9.84000","8.32802","0.00780"
"9.84600","8.32850","0.00762"
"9.85200","8.32898","0.00757"
"9.85800","8.32952","0.00764"
"9.86400","8.33000","0.00776"
"9.87000","8.33048","0.00783"
"9.87600","8.33101","0.00784"
"9.88200","8.33149","0.00796"
"9.88800","8.33203","0.00811"
"9.89400","8.33251","0.00822"
"9.90000","8.33305","0.00832"
"9.90600","8.33352","0.00825"
"9.91200","8.33400","0.00808"
"9.91800","8.33454","0.00795"
"9.92400","8.33502","0.00799"
"9.93000","8.33550","0.00812"
"9.93600","8.33604","0.00819"
"9.94200","8.33651","0.00813"
"9.94800","8.33705","0.00810"
"9.95400","8.33753","0.00808"
"9.96000","8.33801","0.00805"
"9.96600","8.33855","0.00801"
"9.97200","8.33903","0.00790"
"9.97800","8.33950","0.00785"
"9.98400","8.34004","0.00781"
"9.99000","8.34052","0.00782"
"9.99600","8.34100","0.00792"
"10.00200","8.34148","0.00800"
"10.00800","8.34201","0.00796"
"10.01400","8.34249","0.00786"
"10.02000","8.34297","0.00782"
"10.02600","8.34351","0.00790"
"10.03200","8.34399","0.00802"
"10.03800","8.34447","0.00807"
"10.04400","8.34500","0.00808"
"10.05000","8.34548","0.00813"
"10.05600","8.34596","0.00807"
"10.06200","8.34650","0.00806"
"10.06800","8.34698","0.00806"
"10.07400","8.34746","0.00799"
"10.08000","8.34793","0.00797"
"10.08600","8.34847","0.00797"
"10.09200","8.34895","0.00792"
"10.09800","8.34943","0.00792"
"10.10400","8.34991","0.00794"
"10.11000","8.35044","0.00794"
"10.11600","8.35092","0.00790"
"10.12200","8.35140","0.00781"
"10.12800","8.35194","0.00778"
"10.13400","8.35242","0.00794"
"10.14000","8.35290","0.00814"
"10.14600","8.35343","0.00831"
"10.15200","8.35391","0.00851"
"10.15800","8.35445","0.00859"
"10.16400","8.35493","0.00858"
"10.17000","8.35547","0.00855"
"10.17600","8.35595","0.00851"
"10.18200","8.35648","0.00849"
"10.18800","8.35696","0.00836"
"10.19400","8.35744","0.00820"
"10.20000","8.35798","0.00808"
"10.20600","8.35846","0.00802"
"10.21200","8.35900","0.00806"
"10.21800","8.35947","0.00811"
"10.22400","8.36001","0.00820"
"10.23000","8.36049","0.00825"
"10.23600","8.36103","0.00819"
"10.24200","8.36151","0.00811"
"10.24800","8.36204","0.00808"
"10.25400","8.36252","0.00805"
"10.26000","8.36300","0.00808"
"10.26600","8.36354","0.00808"
"10.27200","8.36402","0.00803"
"10.27800","8.36450","0.00805"
"10.28400","8.36503","0.00812"
"10.29000","8.36551","0.00818"
"10.29600","8.36605","0.00827"
"10.30200","8.36653","0.00837"
"10.30800","8.36701","0.00837"
"10.31400","8.36755","0.00836"
"10.32000","8.36802","0.00831"
"10.32600","8.36850","0.00825"
"10.33200","8.36904","0.00827"
"10.33800","8.36952","0.00826"
"10.34400","8.37000","0.00827"
"10.35000","8.37047","0.00830"
"10.35600","8.37101","0.00826"
"10.36200","8.37149","0.00825"
"10.36800","8.37197","0.00830"
"10.37400","8.37251","0.00827"
"10.38000","8.37299","0.00819"
"10.38600","8.37352","0.00809"
"10.39200","8.37400","0.00804"
"10.39800","8.37448","0.00802"
"10.40400","8.37502","0.00798"
"10.41000","8.37550","0.00793"
"10.41600","8.37603","0.00795"
"10.42200","8.37651","0.00798"
"10.42800","8.37699","0.00802"
"10.43400","8.37753","0.00805"
"10.44000","8.37801","0.00800"
"10.44600","8.37855","0.00790"
"10.45200","8.37902","0.00784"
"10.45800","8.37950","0.00781"
"10.46400","8.38004","0.00789"
"10.47000","8.38052","0.00805"
"10.47600","8.38100","0.00808"
"10.48200","8.38148","0.00812"
"10.48800","8.38201","0.00814"
"10.49400","8.38249","0.00808"
"10.50000","8.38303","0.00812"
"10.50600","8.38351","0.00815"
"10.51200","8.38399","0.00824"
"10.51800","8.38453","0.00832"
"10.52400","8.38500","0.00824"
"10.53000","8.38554","0.00824"
"10.53600","8.38602","0.00824"
"10.54200","8.38656","0.00820"
"10.54800","8.38704","0.00816"
"10.55400","8.38751","0.00818"
"10.56000","8.38805","0.00820"
"10.56600","8.38853","0.00834"
"10.57200","8.38901","0.00850"
"10.57800","8.38949","0.00860"
"10.58400","8.39003","0.00866"
"10.59000","8.39050","0.00864"
"10.59600","8.39098","0.00865"
"10.60200","8.39152","0.00863"
"10.60800","8.39200","0.00860"
"10.61400","8.39248","0.00860"
"10.62000","8.39302","0.00856"
"10.62600","8.39349","0.00842"
"10.63200","8.39397","0.00835"
"10.63800","8.39451","0.00827"
"10.64400","8.39499","0.00824"
"10.65000","8.39547","0.00819"
"10.65600","8.39594","0.00811"
"10.66200","8.39648","0.00805"
"10.66800","8.39696","0.00804"
"10.67400","8.39750","0.00805"
"10.68000","8.39798","0.00815"
"10.68600","8.39852","0.00822"
"10.69200","8.39899","0.00817"
"10.69800","8.39953","0.00815"
"10.70400","8.40001","0.00820"
"10.71000","8.40049","0.00829"
"10.71600","8.40103","0.00838"
"10.72200","8.40151","0.00835"
"10.72800","8.40198","0.00835"
"10.73400","8.40252","0.00828"
"10.74000","8.40300","0.00811"
"10.74600","8.40348","0.00804"
"10.75200","8.40396","0.00807"
"10.75800","8.40450","0.00812"
"10.76400","8.40497","0.00818"
"10.77000","8.40551","0.00817"
"10.77600","8.40599","0.00810"
"10.78200","8.40647","0.00809"
"10.78800","8.40701","0.00811"
"10.79400","8.40754","0.00815"
"10.80000","8.40802","0.00818"
"10.80600","8.40856","0.00812"
"10.81200","8.40904","0.00805"
"10.81800","8.40958","0.00816"
"10.82400","8.41006","0.00832"
"10.83000","8.41053","0.00845"
"10.83600","8.41107","0.00848"
"10.84200","8.41155","0.00838"
"10.84800","8.41209","0.00822"
"10.85400","8.41257","0.00806"
"10.86000","8.41304","0.00797"
"10.86600","8.41352","0.00801"
"10.87200","8.41406","0.00804"
"10.87800","8.41454","0.00807"
"10.88400","8.41502","0.00819"
"10.89000","8.41550","0.00827"
"10.89600","8.41597","0.00838"
"10.90200","8.41651","0.00844"
"10.90800","8.41699","0.00840"
"10.91400","8.41747","0.00836"
"10.92000","8.41795","0.00831"
"10.92600","8.41849","0.00821"
"10.93200","8.41896","0.00819"
"10.93800","8.41950","0.00823"
"10.94400","8.41998","0.00822"
"10.95000","8.42052","0.00822"
"10.95600","8.42100","0.00821"
"10.96200","8.42153","0.00823"
"10.96800","8.42201","0.00828"
"10.97400","8.42255","0.00826"
"10.98000","8.42303","0.00823"
"10.98600","8.42357","0.00821"
"10.99200","8.42405","0.00816"
"10.99800","8.42452","0.00829"
"11.00400","8.42506","0.00845"
"11.01000","8.42554","0.00853"
"11.01600","8.42602","0.00856"
"11.02200","8.42650","0.00855"
"11.02800","8.42704","0.00855"
"11.03400","8.42751","0.00859"
"11.04000","8.42799","0.00856"
"11.04600","8.42847","0.00852"
"11.05200","8.42895","0.00841"
"11.05800","8.42949","0.00828"
"11.06400","8.42997","0.00831"
"11.07000","8.43044","0.00838"
"11.07600","8.43098","0.00842"
"11.08200","8.43146","0.00841"
"11.08800","8.43200","0.00833"
"11.09400","8.43248","0.00827"
"11.10000","8.43295","0.00827"
"11.10600","8.43349","0.00827"
"11.11200","8.43403","0.00825"
"11.11800","8.43451","0.00826"
"11.12400","8.43499","0.00813"
"11.13000","8.43547","0.00806"
"11.13600","8.43600","0.00804"
"11.14200","8.43648","0.00805"
"11.14800","8.43696","0.00811"
"11.15400","8.43744","0.00818"
"11.16000","8.43792","0.00820"
"11.16600","8.43846","0.00827"
"11.17200","8.43893","0.00830"
"11.17800","8.43941","0.00838"
"11.18400","8.43995","0.00841"
"11.19000","8.44043","0.00836"
"11.19600","8.44091","0.00831"
"11.20200","8.44144","0.00829"
"11.20800","8.44192","0.00827"
"11.21400","8.44240","0.00834"
"11.22000","8.44288","0.00849"
"11.22600","8.44342","0.00856"
"11.23200","8.44390","0.00858"
"11.23800","8.44443","0.00851"
"11.24400","8.44497","0.00844"
"11.25000","8.44545","0.00838"
"11.25600","8.44599","0.00831"
"11.26200","8.44653","0.00834"
"11.26800","8.44701","0.00837"
"11.27400","8.44748","0.00829"
"11.28000","8.44802","0.00823"
"11.28600","8.44850","0.00823"
"11.29200","8.44898","0.00816"
"11.29800","8.44946","0.00812"
"11.30400","8.45000","0.00811"
"11.31000","8.45047","0.00808"
"11.31600","8.45095","0.00811"
"11.32200","8.45149","0.00809"
"11.32800","8.45197","0.00805"
"11.33400","8.45245","0.00805"
"11.34000","8.45298","0.00799"
"11.34600","8.45346","0.00801"
"11.35200","8.45400","0.00808"
"11.35800","8.45448","0.00814"
"11.36400","8.45496","0.00817"
"11.37000","8.45549","0.00819"
"11.37600","8.45597","0.00817"
"11.38200","8.45651","0.00818"
"11.38800","8.45699","0.00816"
"11.39400","8.45753","0.00823"
"11.40000","8.45801","0.00837"
"11.40600","8.45854","0.00844"
"11.41200","8.45902","0.00848"
"11.41800","8.45956","0.00849"
"11.42400","8.46004","0.00845"
"11.43000","8.46052","0.00830"
"11.43600","8.46100","0.00824"
"11.44200","8.46147","0.00819"
"11.44800","8.46201","0.00815"
"11.45400","8.46249","0.00813"
"11.46000","8.46297","0.00808"
"11.46600","8.46345","0.00818"
"11.47200","8.46399","0.00834"
"11.47800","8.46446","0.00845"
"11.48400","8.46500","0.00859"
"11.49000","8.46548","0.00863"
"11.49600","8.46602","0.00866"
"11.50200","8.46650","0.00865"
"11.50800","8.46698","0.00854"
"11.51400","8.46751","0.00841"
"11.52000","8.46799","0.00824"
"11.52600","8.46853","0.00815"
"11.53200","8.46901","0.00829"
"11.53800","8.46955","0.00839"
"11.54400","8.47002","0.00841"
"11.55000","8.47056","0.00843"
"11.55600","8.47104","0.00844"
"11.56200","8.47152","0.00836"
"11.56800","8.47206","0.00827"
"11.57400","8.47254","0.00823"
"11.58000","8.47301","0.00828"
"11.58600","8.47349","0.00830"
"11.59200","8.47397","0.00827"
"11.59800","8.47451","0.00823"
"11.60400","8.47499","0.00819"
"11.61000","8.47546","0.00821"
"11.61600","8.47600","0.00832"
"11.62200","8.47648","0.00832"
"11.62800","8.47696","0.00831"
"11.63400","8.47750","0.00833"
"11.64000","8.47798","0.00833"
"11.64600","8.47845","0.00840"
"11.65200","8.47899","0.00844"
"11.65800","8.47947","0.00839"
"11.66400","8.47995","0.00834"
"11.67000","8.48049","0.00824"
"11.67600","8.48097","0.00812"
"11.68200","8.48150","0.00809"
"11.68800","8.48198","0.00805"
"11.69400","8.48252","0.00800"
"11.70000","8.48300","0.00795"
"11.70600","8.48348","0.00797"
"11.71200","8.48396","0.00799"
"11.71800","8.48443","0.00812"
"11.72400","8.48497","0.00825"
"11.73000","8.48545","0.00834"
"11.73600","8.48593","0.00838"
"11.74200","8.48641","0.00841"
"11.74800","8.48695","0.00844"
"11.75400","8.48742","0.00842"
"11.76000","8.48790","0.00833"
"11.76600","8.48844","0.00825"
"11.77200","8.48892","0.00812"
"11.77800","8.48940","0.00802"
"11.78400","8.48993","0.00804"
"11.79000","8.49041","0.00801"
"11.79600","8.49095","0.00807"
"11.80200","8.49143","0.00821"
"11.80800","8.49197","0.00824"
"11.81400","8.49251","0.00825"
"11.82000","8.49298","0.00820"
"11.82600","8.49352","0.00814"
"11.83200","8.49406","0.00812"
"11.83800","8.49454","0.00807"
"11.84400","8.49502","0.00804"
"11.85000","8.49555","0.00803"
"11.85600","8.49603","0.00801"
"11.86200","8.49651","0.00807"
"11.86800","8.49705","0.00827"
"11.87400","8.49753","0.00845"
"11.88000","8.49801","0.00845"
"11.88600","8.49854","0.00836"
"11.89200","8.49902","0.00830"
"11.89800","8.49950","0.00826"
"11.90400","8.49998","0.00821"
"11.91000","8.50052","0.00813"
"11.91600","8.50099","0.00815"
"11.92200","8.50153","0.00808"
"11.92800","8.50201","0.00802"
"11.93400","8.50249","0.00805"
"11.94000","8.50303","0.00811"
"11.94600","8.50351","0.00813"
"11.95200","8.50398","0.00814"
"11.95800","8.50452","0.00820"
"11.96400","8.50500","0.00826"
"11.97000","8.50554","0.00834"
"11.97600","8.50602","0.00838"
"11.98200","8.50656","0.00841"
"11.98800","8.50703","0.00837"
"11.99400","8.50751","0.00823"
"12.00000","8.50799","0.00817"
"12.00600","8.50853","0.00815"
"12.01200","8.50901","0.00815"
"12.01800","8.50949","0.00817"
"12.02400","8.51002","0.00807"
"12.03000","8.51050","0.00805"
"12.03600","8.51098","0.00805"
"12.04200","8.51152","0.00810"
"12.04800","8.51200","0.00823"
"12.05400","8.51248","0.00830"
"12.06000","8.51301","0.00830"
"12.06600","8.51349","0.00834"
"12.07200","8.51403","0.00829"
"12.07800","8.51451","0.00824"
"12.08400","8.51499","0.00821"
"12.09000","8.51552","0.00806"
"12.09600","8.51600","0.00801"
"12.10200","8.51654","0.00803"
"12.10800","8.51702","0.00803"
"12.11400","8.51756","0.00812"
"12.12000","8.51804","0.00822"
"12.12600","8.51857","0.00826"
"12.13200","8.51905","0.00821"
"12.13800","8.51953","0.00814"
"12.14400","8.52007","0.00808"
"12.15000","8.52055","0.00810"
"12.15600","8.52102","0.00817"
"12.16200","8.52150","0.00822"
"12.16800","8.52198","0.00829"
"12.17400","8.52246","0.00825"
"12.18000","8.52300","0.00823"
"12.18600","8.52348","0.00820"
"12.19200","8.52395","0.00808"
"12.19800","8.52449","0.00796"
"12.20400","8.52497","0.00782"
"12.21000","8.52545","0.00775"
"12.21600","8.52599","0.00780"
"12.22200","8.52647","0.00781"
"12.22800","8.52694","0.00784"
"12.23400","8.52748","0.00796"
"12.24000","8.52796","0.00801"
"12.24600","8.52850","0.00810"
"12.25200","8.52898","0.00821"
"12.25800","8.52946","0.00828"
"12.26400","8.52993","0.00834"
"12.27000","8.53047","0.00836"
"12.27600","8.53095","0.00838"
"12.28200","8.53143","0.00844"
"12.28800","8.53191","0.00854"
"12.29400","8.53238","0.00858"
"12.30000","8.53292","0.00867"
"12.30600","8.53340","0.00860"
"12.31200","8.53388","0.00848"
"12.31800","8.53442","0.00848"
"12.32400","8.53490","0.00844"
"12.33000","8.53537","0.00838"
"12.33600","8.53591","0.00835"
"12.34200","8.53639","0.00824"
"12.34800","8.53693","0.00816"
"12.35400","8.53741","0.00810"
"12.36000","8.53795","0.00803"
"12.36600","8.53848","0.00803"
"12.37200","8.53896","0.00804"
"12.37800","8.53950","0.00801"
"12.38400","8.53998","0.00802"
"12.39000","8.54052","0.00801"
"12.39600","8.54099","0.00796"
"12.40200","8.54153","0.00801"
"12.40800","8.54201","0.00806"
"12.41400","8.54255","0.00809"
"12.42000","8.54303","0.00810"
"12.42600","8.54351","0.00806"
"12.43200","8.54404","0.00810"
"12.43800","8.54452","0.00809"
"12.44400","8.54500","0.00796"
"12.45000","8.54554","0.00790"
"12.45600","8.54602","0.00785"
"12.46200","8.54655","0.00786"
"12.46800","8.54703","0.00794"
"12.47400","8.54751","0.00797"
"12.48000","8.54799","0.00797"
"12.48600","8.54853","0.00799"
"12.49200","8.54901","0.00801"
"12.49800","8.54948","0.00801"
"12.50400","8.55002","0.00804"
"12.51000","8.55050","0.00812"
"12.51600","8.55098","0.00825"
"12.52200","8.55152","0.00834"
"12.52800","8.55200","0.00836"
"12.53400","8.55253","0.00844"
"12.54000","8.55301","0.00842"
"12.54600","8.55355","0.00841"
"12.55200","8.55403","0.00832"
"12.55800","8.55451","0.00823"
"12.56400","8.55505","0.00822"
"12.57000","8.55552","0.00826"
"12.57600","8.55600","0.00829"
"12.58200","8.55654","0.00834"
"12.58800","8.55702","0.00832"
"12.59400","8.55750","0.00829"
"12.60000","8.55803","0.00834"
"12.60600","8.55851","0.00833"
"12.61200","8.55899","0.00833"
"12.61800","8.55947","0.00835"
"12.62400","8.55995","0.00834"
"12.63000","8.56049","0.00829"
"12.63600","8.56096","0.00822"
"12.64200","8.56144","0.00814"
"12.64800","8.56198","0.00807"
"12.65400","8.56246","0.00807"
"12.66000","8.56294","0.00807"
"12.66600","8.56348","0.00812"
"12.67200","8.56401","0.00810"
"12.67800","8.56449","0.00809"
"12.68400","8.56503","0.00810"
"12.69000","8.56551","0.00809"
"12.69600","8.56605","0.00809"
"12.70200","8.56652","0.00816"
"12.70800","8.56706","0.00822"
"12.71400","8.56754","0.00835"
"12.72000","8.56802","0.00848"
"12.72600","8.56856","0.00855"
"12.73200","8.56904","0.00855"
"12.73800","8.56951","0.00843"
"12.74400","8.56999","0.00827"
"12.75000","8.57047","0.00823"
"12.75600","8.57095","0.00824"
"12.76200","8.57149","0.00826"
"12.76800","8.57197","0.00827"
"12.77400","8.57244","0.00822"
"12.78000","8.57298","0.00819"
"12.78600","8.57346","0.00816"
"12.79200","8.57394","0.00817"
"12.79800","8.57442","0.00823"
"12.80400","8.57495","0.00829"
"12.81000","8.57543","0.00827"
"12.81600","8.57597","0.00834"
"12.82200","8.57645","0.00841"
"12.82800","8.57693","0.00850"
"12.83400","8.57747","0.00858"
"12.84000","8.57794","0.00857"
"12.84600","8.57848","0.00852"
"12.85200","8.57896","0.00839"
"12.85800","8.57944","0.00829"
"12.86400","8.57998","0.00828"
"12.87000","8.58046","0.00821"
"12.87600","8.58093","0.00811"
"12.88200","8.58141","0.00810"
"12.88800","8.58195","0.00806"
"12.89400","8.58243","0.00806"
"12.90000","8.58291","0.00818"
"12.90600","8.58339","0.00827"
"12.91200","8.58392","0.00833"
"12.91800","8.58440","0.00840"
"12.92400","8.58488","0.00844"
"12.93000","8.58542","0.00850"
"12.93600","8.58590","0.00854"
"12.94200","8.58638","0.00846"
"12.94800","8.58691","0.00835"
"12.95400","8.58739","0.00819"
"12.96000","8.58793","0.00808"
"12.96600","8.58847","0.00808"
"12.97200","8.58895","0.00815"
"12.97800","8.58948","0.00823"
"12.98400","8.59002","0.00836"
"12.99000","8.59050","0.00840"
"12.99600","8.59104","0.00844"
"13.00200","8.59152","0.00848"
"13.00800","8.59206","0.00846"
"13.01400","8.59253","0.00842"
"13.02000","8.59301","0.00841"
"13.02600","8.59349","0.00833"
"13.03200","8.59397","0.00832"
"13.03800","8.59451","0.00837"
"13.04400","8.59498","0.00830"
"13.05000","8.59546","0.00825"
"13.05600","8.59600","0.00819"
"13.06200","8.59648","0.00807"
"13.06800","8.59696","0.00795"
"13.07400","8.59750","0.00796"
"13.08000","8.59797","0.00797"
"13.08600","8.59851","0.00799"
"13.09200","8.59899","0.00792"
"13.09800","8.59953","0.00790"
"13.10400","8.60001","0.00792"
"13.11000","8.60054","0.00795"
"13.11600","8.60102","0.00815"
"13.12200","8.60156","0.00833"
"13.12800","8.60204","0.00835"
"13.13400","8.60252","0.00827"
"13.14000","8.60306","0.00816"
"13.14600","8.60353","0.00810"
"13.15200","8.60401","0.00809"
"13.15800","8.60455","0.00806"
"13.16400","8.60503","0.00809"
"13.17000","8.60551","0.00812"
"13.17600","8.60599","0.00817"
"13.18200","8.60652","0.00824"
"13.18800","8.60700","0.00822"
"13.19400","8.60748","0.00821"
"13.20000","8.60796","0.00822"
"13.20600","8.60844","0.00815"
"13.21200","8.60898","0.00810"
"13.21800","8.60945","0.00817"
"13.22400","8.60993","0.00825"
"13.23000","8.61047","0.00835"
"13.23600","8.61095","0.00840"
"13.24200","8.61149","0.00834"
"13.24800","8.61197","0.00836"
"13.25400","8.61250","0.00840"
"13.26000","8.61298","0.00837"
"13.26600","8.61346","0.00838"
"13.27200","8.61400","0.00839"
"13.27800","8.61448","0.00825"
"13.28400","8.61495","0.00815"
"13.29000","8.61543","0.00808"
"13.29600","8.61591","0.00804"
"13.30200","8.61645","0.00805"
"13.30800","8.61693","0.00803"
"13.31400","8.61741","0.00797"
"13.32000","8.61794","0.00797"
"13.32600","8.61842","0.00802"
"13.33200","8.61890","0.00811"
"13.33800","8.61944","0.00818"
"13.34400","8.61992","0.00828"
"13.35000","8.62045","0.00853"
"13.35600","8.62093","0.00866"
"13.36200","8.62141","0.00871"
"13.36800","8.62189","0.00872"
"13.37400","8.62243","0.00871"
"13.38000","8.62291","0.00870"
"13.38600","8.62338","0.00865"
"13.39200","8.62392","0.00856"
"13.39800","8.62446","0.00849"
"13.40400","8.62494","0.00843"
"13.41000","8.62548","0.00832"
"13.41600","8.62596","0.00828"
"13.42200","8.62649","0.00822"
"13.42800","8.62697","0.00821"
"13.43400","8.62745","0.00823"
"13.44000","8.62793","0.00819"
"13.44600","8.62847","0.00815"
"13.45200","8.62894","0.00810"
"13.45800","8.62942","0.00810"
"13.46400","8.62996","0.00816"
"13.47000","8.63044","0.00822"
"13.47600","8.63098","0.00822"
"13.48200","8.63146","0.00824"
"13.48800","8.63199","0.00826"
"13.49400","8.63247","0.00831"
"13.50000","8.63295","0.00838"
"13.50600","8.63349","0.00843"
"13.51200","8.63397","0.00839"
"13.51800","8.63445","0.00831"
"13.52400","8.63498","0.00828"
"13.53000","8.63546","0.00830"
"13.53600","8.63600","0.00832"
"13.54200","8.63648","0.00828"
"13.54800","8.63696","0.00827"
"13.55400","8.63749","0.00822"
"13.56000","8.63797","0.00817"
"13.56600","8.63845","0.00820"
"13.57200","8.63899","0.00822"
"13.57800","8.63947","0.00821"
"13.58400","8.63995","0.00821"
"13.59000","8.64048","0.00818"
"13.59600","8.64096","0.00814"
"13.60200","8.64150","0.00811"
"13.60800","8.64198","0.00806"
"13.61400","8.64252","0.00809"
"13.62000","8.64300","0.00819"
"13.62600","8.64353","0.00832"
"13.63200","8.64401","0.00844"
"13.63800","8.64449","0.00852"
"13.64400","8.64503","0.00847"
"13.65000","8.64551","0.00839"
"13.65600","8.64604","0.00830"
"13.66200","8.64652","0.00819"
"13.66800","8.64700","0.00803"
"13.67400","8.64754","0.00788"
"13.68000","8.64802","0.00786"
"13.68600","8.64850","0.00794"
"13.69200","8.64903","0.00802"
"13.69800","8.64951","0.00808"
"13.70400","8.64999","0.00812"
"13.71000","8.65047","0.00806"
"13.71600","8.65101","0.00808"
"13.72200","8.65149","0.00819"
"13.72800","8.65196","0.00832"
"13.73400","8.65250","0.00837"
"13.74000","8.65298","0.00836"
"13.74600","8.65352","0.00840"
"13.75200","8.65400","0.00845"
"13.75800","8.65448","0.00846"
"13.76400","8.65501","0.00850"
"13.77000","8.65549","0.00853"
"13.77600","8.65603","0.00849"
"13.78200","8.65651","0.00845"
"13.78800","8.65699","0.00840"
"13.79400","8.65746","0.00840"
"13.80000","8.65800","0.00844"
"13.80600","8.65848","0.00840"
"13.81200","8.65896","0.00831"
"13.81800","8.65950","0.00823"
"13.82400","8.65998","0.00816"
"13.83000","8.66045","0.00814"
"13.83600","8.66099","0.00815"
"13.84200","8.66147","0.00818"
"13.84800","8.66195","0.00827"
"13.85400","8.66243","0.00834"
"13.86000","8.66291","0.00833"
"13.86600","8.66344","0.00839"
"13.87200","8.66392","0.00848"
"13.87800","8.66446","0.00856"
"13.88400","8.66494","0.00864"
"13.89000","8.66548","0.00862"
"13.89600","8.66595","0.00860"
"13.90200","8.66649","0.00858"
"13.90800","8.66697","0.00852"
"13.91400","8.66745","0.00840"
"13.92000","8.66799","0.00826"
"13.92600","8.66847","0.00817"
"13.93200","8.66894","0.00819"
"13.93800","8.66948","0.00818"
"13.94400","8.66996","0.00813"
"13.95000","8.67050","0.00813"
"13.95600","8.67098","0.00814"
"13.96200","8.67146","0.00809"
"13.96800","8.67199","0.00810"
"13.97400","8.67247","0.00817"
"13.98000","8.67295","0.00832"
"13.98600","8.67349","0.00838"
"13.99200","8.67397","0.00831"
"13.99800","8.67444","0.00828"
"14.00400","8.67492","0.00822"
"14.01000","8.67546","0.00822"
"14.01600","8.67594","0.00832"
"14.02200","8.67648","0.00842"
"14.02800","8.67696","0.00843"
"14.03400","8.67749","0.00843"
"14.04000","8.67797","0.00832"
"14.04600","8.67851","0.00819"
"14.05200","8.67899","0.00805"
"14.05800","8.67953","0.00786"
"14.06400","8.68001","0.00769"
"14.07000","8.68054","0.00760"
"14.07600","8.68102","0.00754"
"14.08200","8.68150","0.00760"
"14.08800","8.68204","0.00771"
"14.09400","8.68252","0.00785"
"14.10000","8.68299","0.00804"
"14.10600","8.68353","0.00820"
"14.11200","8.68401","0.00831"
"14.11800","8.68449","0.00842"
"14.12400","8.68503","0.00842"
"14.13000","8.68551","0.00837"
"14.13600","8.68598","0.00819"
"14.14200","8.68652","0.00798"
"14.14800","8.68700","0.00799"
"14.15400","8.68748","0.00810"
"14.16000","8.68802","0.00819"
"14.16600","8.68850","0.00821"
"14.17200","8.68903","0.00818"
"14.17800","8.68951","0.00806"
"14.18400","8.69005","0.00802"
"14.19000","8.69053","0.00801"
"14.19600","8.69107","0.00803"
"14.20200","8.69154","0.00805"
"14.20800","8.69208","0.00801"
"14.21400","8.69256","0.00805"
"14.22000","8.69304","0.00810"
"14.22600","8.69358","0.00807"
"14.23200","8.69406","0.00807"
"14.23800","8.69453","0.00808"
"14.24400","8.69501","0.00802"
"14.25000","8.69555","0.00800"
"14.25600","8.69603","0.00800"
"14.26200","8.69651","0.00802"
"14.26800","8.69705","0.00807"
"14.27400","8.69752","0.00809"
"14.28000","8.69800","0.00810"
"14.28600","8.69848","0.00813"
"14.29200","8.69902","0.00816"
"14.29800","8.69950","0.00825"
"14.30400","8.69998","0.00833"
"14.31000","8.70051","0.00837"
"14.31600","8.70099","0.00837"
"14.32200","8.70153","0.00835"
"14.32800","8.70201","0.00836"
"14.33400","8.70249","0.00835"
"14.34000","8.70302","0.00820"
"14.34600","8.70350","0.00814"
"14.35200","8.70398","0.00806"
"14.35800","8.70452","0.00802"
"14.36400","8.70500","0.00809"
"14.37000","8.70548","0.00824"
"14.37600","8.70601","0.00833"
"14.38200","8.70649","0.00842"
"14.38800","8.70697","0.00838"
"14.39400","8.70745","0.00829"
"14.40000","8.70799","0.00835"
"14.40600","8.70846","0.00846"
"14.41200","8.70894","0.00853"
"14.41800","8.70948","0.00855"
"14.42400","8.70996","0.00847"
"14.43000","8.71044","0.00846"
"14.43600","8.71098","0.00855"
"14.44200","8.71145","0.00854"
"14.44800","8.71193","0.00845"
"14.45400","8.71247","0.00838"
"14.46000","8.71295","0.00829"
"14.46600","8.71349","0.00822"
"14.47200","8.71397","0.00823"
"14.47800","8.71444","0.00825"
"14.48400","8.71498","0.00839"
"14.49000","8.71546","0.00841"
"14.49600","8.71594","0.00838"
"14.50200","8.71648","0.00833"
"14.50800","8.71696","0.00822"
"14.51400","8.71743","0.00809"
"14.52000","8.71797","0.00805"
"14.52600","8.71845","0.00804"
"14.53200","8.71899","0.00803"
"14.53800","8.71947","0.00802"
"14.54400","8.72000","0.00801"
"14.55000","8.72048","0.00814"
"14.55600","8.72096","0.00823"
"14.56200","8.72150","0.00829"
"14.56800","8.72198","0.00832"
"14.57400","8.72246","0.00830"
"14.58000","8.72299","0.00840"
"14.58600","8.72347","0.00856"
"14.59200","8.72401","0.00864"
"14.59800","8.72449","0.00863"
"14.60400","8.72503","0.00856"
"14.61000","8.72550","0.00834"
"14.61600","8.72598","0.00823"
"14.62200","8.72652","0.00830"
"14.62800","8.72700","0.00841"
"14.63400","8.72748","0.00840"
"14.64000","8.72802","0.00826"
"14.64600","8.72849","0.00819"
"14.65200","8.72897","0.00821"
"14.65800","8.72951","0.00823"
"14.66400","8.72999","0.00833"
"14.67000","8.73047","0.00840"
"14.67600","8.73101","0.00831"
"14.68200","8.73148","0.00815"
"14.68800","8.73202","0.00803"
"14.69400","8.73250","0.00798"
"14.70000","8.73304","0.00800"
"14.70600","8.73358","0.00791"
"14.71200","8.73405","0.00779"
"14.71800","8.73453","0.00779"
"14.72400","8.73507","0.00785"
"14.73000","8.73555","0.00801"
"14.73600","8.73603","0.00819"
"14.74200","8.73651","0.00823"
"14.74800","8.73704","0.00834"
"14.75400","8.73752","0.00840"
"14.76000","8.73800","0.00838"
"14.76600","8.73854","0.00842"
"14.77200","8.73902","0.00848"
"14.77800","8.73950","0.00845"
"14.78400","8.73997","0.00843"
"14.79000","8.74051","0.00844"
"14.79600","8.74099","0.00851"
"14.80200","8.74147","0.00864"
"14.80800","8.74195","0.00869"
"14.81400","8.74249","0.00867"
"14.82000","8.74296","0.00867"
"14.82600","8.74350","0.00854"
"14.83200","8.74398","0.00844"
"14.83800","8.74452","0.00838"
"14.84400","8.74500","0.00832"
"14.85000","8.74553","0.00830"
"14.85600","8.74601","0.00825"
"14.86200","8.74649","0.00823"
"14.86800","8.74697","0.00829"
"14.87400","8.74751","0.00826"
"14.88000","8.74799","0.00829"
"14.88600","8.74846","0.00830"
"14.89200","8.74894","0.00821"
"14.89800","8.74942","0.00814"
"14.90400","8.74996","0.00819"
"14.91000","8.75044","0.00827"
"14.91600","8.75092","0.00843"
"14.92200","8.75145","0.00859"
"14.92800","8.75193","0.00866"
"14.93400","8.75241","0.00869"
"14.94000","8.75289","0.00882"
"14.94600","8.75343","0.00891"
"14.95200","8.75391","0.00896"
"14.95800","8.75444","0.00882"
"14.96400","8.75492","0.00863"
"14.97000","8.75546","0.00856"
"14.97600","8.75594","0.00847"
"14.98200","8.75648","0.00841"
"14.98800","8.75695","0.00828"
"14.99400","8.75749","0.00817"
"15.00000","8.75797","0.00814"
"15.00600","8.75851","0.00809"
"15.01200","8.75899","0.00811"
"15.01800","8.75947","0.00821"
"15.02400","8.76000","0.00827"
"15.03000","8.76048","0.00823"
"15.03600","8.76096","0.00819"
"15.04200","8.76150","0.00809"
"15.04800","8.76198","0.00810"
"15.05400","8.76245","0.00821"
"15.06000","8.76299","0.00832"
"15.06600","8.76347","0.00841"
"15.07200","8.76395","0.00839"
"15.07800","8.76449","0.00830"
"15.08400","8.76497","0.00823"
"15.09000","8.76544","0.00819"
"15.09600","8.76598","0.00821"
"15.10200","8.76646","0.00832"
"15.10800","8.76700","0.00834"
"15.11400","8.76748","0.00830"
"15.12000","8.76802","0.00829"
"15.12600","8.76849","0.00826"
"15.13200","8.76903","0.00826"
"15.13800","8.76951","0.00822"
"15.14400","8.77005","0.00813"
"15.15000","8.77053","0.00806"
"15.15600","8.77100","0.00799"
"15.16200","8.77148","0.00792"
"15.16800","8.77202","0.00790"
"15.17400","8.77250","0.00790"
"15.18000","8.77298","0.00791"
"15.18600","8.77352","0.00801"
"15.19200","8.77399","0.00802"
"15.19800","8.77447","0.00803"
"15.20400","8.77495","0.00804"
"15.21000","8.77549","0.00808"
"15.21600","8.77597","0.00807"
"15.22200","8.77645","0.00806"
"15.22800","8.77692","0.00801"
"15.23400","8.77746","0.00810"
"15.24000","8.77794","0.00820"
"15.24600","8.77848","0.00832"
"15.25200","8.77902","0.00841"
"15.25800","8.77950","0.00840"
"15.26400","8.78003","0.00841"
"15.27000","8.78051","0.00840"
"15.27600","8.78099","0.00823"
"15.28200","8.78153","0.00813"
"15.28800","8.78201","0.00811"
"15.29400","8.78254","0.00814"
"15.30000","8.78302","0.00825"
"15.30600","8.78350","0.00842"
"15.31200","8.78404","0.00854"
"15.31800","8.78452","0.00866"
"15.32400","8.78500","0.00867"
"15.33000","8.78553","0.00867"
"15.33600","8.78601","0.00871"
"15.34200","8.78649","0.00860"
"15.34800","8.78703","0.00855"
"15.35400","8.78751","0.00850"
"15.36000","8.78798","0.00833"
"15.36600","8.78846","0.00816"
"15.37200","8.78900","0.00805"
"15.37800","8.78948","0.00801"
"15.38400","8.78996","0.00801"
"15.39000","8.79050","0.00794"
"15.39600","8.79097","0.00794"
"15.40200","8.79151","0.00802"
"15.40800","8.79199","0.00808"
"15.41400","8.79253","0.00814"
"15.42000","8.79301","0.00820"
"15.42600","8.79349","0.00825"
"15.43200","8.79402","0.00829"
"15.43800","8.79450","0.00834"
"15.44400","8.79498","0.00840"
"15.45000","8.79552","0.00845"
"15.45600","8.79600","0.00844"
"15.46200","8.79647","0.00843"
"15.46800","8.79695","0.00840"
"15.47400","8.79749","0.00824"
"15.48000","8.79797","0.00811"
"15.48600","8.79845","0.00809"
"15.49200","8.79899","0.00812"
"15.49800","8.79946","0.00813"
"15.50400","8.79994","0.00815"
"15.51000","8.80042","0.00813"
"15.51600","8.80090","0.00819"
"15.52200","8.80144","0.00826"
"15.52800","8.80192","0.00829"
"15.53400","8.80245","0.00831"
"15.54000","8.80293","0.00823"
"15.54600","8.80347","0.00814"
"15.55200","8.80395","0.00810"
"15.55800","8.80449","0.00809"
"15.56400","8.80497","0.00814"
"15.57000","8.80550","0.00816"
"15.57600","8.80598","0.00807"
"15.58200","8.80652","0.00802"
"15.58800","8.80700","0.00803"
"15.59400","8.80748","0.00807"
"15.60000","8.80795","0.00820"
"15.60600","8.80843","0.00825"
"15.61200","8.80897","0.00825"
"15.61800","8.80945","0.00839"
"15.62400","8.80999","0.00847"
"15.63000","8.81047","0.00849"
"15.63600","8.81094","0.00858"
"15.64200","8.81148","0.00856"
"15.64800","8.81196","0.00848"
"15.65400","8.81250","0.00844"
"15.66000","8.81298","0.00838"
"15.66600","8.81346","0.00842"
"15.67200","8.81399","0.00838"
"15.67800","8.81447","0.00827"
"15.68400","8.81501","0.00821"
"15.69000","8.81555","0.00822"
"15.69600","8.81603","0.00820"
"15.70200","8.81656","0.00819"
"15.70800","8.81704","0.00823"
"15.71400","8.81758","0.00831"
"15.72000","8.81806","0.00842"
"15.72600","8.81854","0.00847"
"15.73200","8.81908","0.00853"
"15.73800","8.81955","0.00853"
"15.74400","8.82003","0.00843"
"15.75000","8.82051","0.00841"
"15.75600","8.82099","0.00846"
"15.76200","8.82147","0.00851"
"15.76800","8.82201","0.00859"
"15.77400","8.82248","0.00859"
"15.78000","8.82296","0.00858"
"15.78600","8.82344","0.00855"
"15.79200","8.82398","0.00845"
"15.79800","8.82446","0.00845"
"15.80400","8.82493","0.00845"
"15.81000","8.82547","0.00843"
"15.81600","8.82595","0.00843"
"15.82200","8.82649","0.00840"
"15.82800","8.82697","0.00833"
"15.83400","8.82751","0.00829"
"15.84000","8.82798","0.00824"
"15.84600","8.82852","0.00823"
"15.85200","8.82900","0.00820"
"15.85800","8.82954","0.00813"
"15.86400","8.83002","0.00817"
"15.87000","8.83049","0.00827"
"15.87600","8.83103","0.00833"
"15.88200","8.83151","0.00840"
"15.88800","8.83199","0.00839"
"15.89400","8.83247","0.00826"
"15.90000","8.83295","0.00812"
"15.90600","8.83348","0.00810"
"15.91200","8.83396","0.00811"
"15.91800","8.83444","0.00817"
"15.92400","8.83498","0.00817"
"15.93000","8.83546","0.00813"
"15.93600","8.83594","0.00819"
"15.94200","8.83647","0.00826"
"15.94800","8.83695","0.00825"
"15.95400","8.83743","0.00818"
"15.96000","8.83797","0.00809"
"15.96600","8.83845","0.00807"
"15.97200","8.83899","0.00807"
"15.97800","8.83946","0.00813"
"15.98400","8.84000","0.00822"
"15.99000","8.84048","0.00830"
"15.99600","8.84102","0.00832"
"16.00200","8.84150","0.00836"
"16.00800","8.84204","0.00831"
"16.01400","8.84251","0.00840"
"16.02000","8.84299","0.00859"
"16.02600","8.84347","0.00876"
"16.03200","8.84401","0.00890"
"16.03800","8.84449","0.00891"
"16.04400","8.84496","0.00887"
"16.05000","8.84544","0.00877"
"16.05600","8.84592","0.00863"
"16.06200","8.84646","0.00851"
"16.06800","8.84694","0.00848"
"16.07400","8.84742","0.00833"
"16.08000","8.84789","0.00819"
"16.08600","8.84843","0.00821"
"16.09200","8.84891","0.00822"
"16.09800","8.84939","0.00818"
"16.10400","8.84993","0.00819"
"16.11000","8.85040","0.00818"
"16.11600","8.85094","0.00815"
"16.12200","8.85142","0.00819"
"16.12800","8.85196","0.00823"
"16.13400","8.85250","0.00834"
"16.14000","8.85298","0.00836"
"16.14600","8.85351","0.00826"
"16.15200","8.85399","0.00824"
"16.15800","8.85447","0.00831"
"16.16400","8.85495","0.00840"
"16.17000","8.85549","0.00848"
"16.17600","8.85597","0.00848"
"16.18200","8.85644","0.00848"
"16.18800","8.85698","0.00839"
"16.19400","8.85746","0.00835"
"16.20000","8.85800","0.00838"
"16.20600","8.85848","0.00833"
"16.21200","8.85896","0.00818"
"16.21800","8.85949","0.00812"
"16.22400","8.85997","0.00815"
"16.23000","8.86051","0.00826"
"16.23600","8.86099","0.00841"
"16.24200","8.86153","0.00855"
"16.24800","8.86200","0.00863"
"16.25400","8.86248","0.00855"
"16.26000","8.86302","0.00844"
"16.26600","8.86350","0.00846"
"16.27200","8.86404","0.00852"
"16.27800","8.86452","0.00851"
"16.28400","8.86505","0.00847"
"16.29000","8.86553","0.00835"
"16.29600","8.86601","0.00829"
"16.30200","8.86655","0.00830"
"16.30800","8.86703","0.00825"
"16.31400","8.86751","0.00817"
"16.32000","8.86798","0.00808"
"16.32600","8.86852","0.00800"
"16.33200","8.86900","0.00804"
"16.33800","8.86948","0.00814"
"16.34400","8.87002","0.00819"
"16.35000","8.87049","0.00822"
"16.35600","8.87097","0.00815"
"16.36200","8.87151","0.00809"
"16.36800","8.87199","0.00814"
"16.37400","8.87253","0.00822"
"16.38000","8.87301","0.00825"
"16.38600","8.87348","0.00824"
"16.39200","8.87402","0.00820"
"16.39800","8.87450","0.00813"
"16.40400","8.87498","0.00811"
"16.41000","8.87552","0.00809"
"16.41600","8.87599","0.00814"
"16.42200","8.87653","0.00813"
"16.42800","8.87701","0.00807"
"16.43400","8.87755","0.00802"
"16.44000","8.87803","0.00789"
"16.44600","8.87851","0.00786"
"16.45200","8.87898","0.00796"
"16.45800","8.87946","0.00806"
"16.46400","8.88000","0.00818"
"16.47000","8.88048","0.00830"
"16.47600","8.88096","0.00841"
"16.48200","8.88144","0.00853"
"16.48800","8.88197","0.00853"
"16.49400","8.88245","0.00851"
"16.50000","8.88299","0.00849"
"16.50600","8.88347","0.00841"
"16.51200","8.88395","0.00828"
"16.51800","8.88443","0.00820"
"16.52400","8.88496","0.00818"
"16.53000","8.88544","0.00815"
"16.53600","8.88592","0.00816"
"16.54200","8.88646","0.00820"
"16.54800","8.88694","0.00830"
"16.55400","8.88748","0.00839"
"16.56000","8.88795","0.00847"
"16.56600","8.88843","0.00853"
"16.57200","8.88897","0.00849"
"16.57800","8.88945","0.00840"
"16.58400","8.88999","0.00835"
"16.59000","8.89046","0.00834"
"16.59600","8.89094","0.00831"
"16.60200","8.89142","0.00835"
"16.60800","8.89196","0.00837"
"16.61400","8.89244","0.00843"
"16.62000","8.89292","0.00853"
"16.62600","8.89345","0.00855"
"16.63200","8.89393","0.00853"
"16.63800","8.89441","0.00844"
"16.64400","8.89495","0.00837"
"16.65000","8.89543","0.00837"
"16.65600","8.89597","0.00831"
"16.66200","8.89644","0.00831"
"16.66800","8.89698","0.00841"
"16.67400","8.89746","0.00851"
"16.68000","8.89794","0.00854"
"16.68600","8.89848","0.00857"
"16.69200","8.89895","0.00855"
"16.69800","8.89949","0.00860"
"16.70400","8.89997","0.00875"
"16.71000","8.90051","0.00880"
"16.71600","8.90099","0.00876"
"16.72200","8.90153","0.00863"
"16.72800","8.90200","0.00842"
"16.73400","8.90248","0.00832"
"16.74000","8.90296","0.00829"
"16.74600","8.90350","0.00827"
"16.75200","8.90398","0.00828"
"16.75800","8.90446","0.00825"
"16.76400","8.90499","0.00820"
"16.77000","8.90547","0.00816"
"16.77600","8.90595","0.00817"
"16.78200","8.90649","0.00819"
"16.78800","8.90697","0.00821"
"16.79400","8.90744","0.00816"
"16.80000","8.90798","0.00825"
"16.80600","8.90846","0.00838"
"16.81200","8.90894","0.00842"
"16.81800","8.90942","0.00840"
"16.82400","8.90996","0.00832"
"16.83000","8.91049","0.00830"
"16.83600","8.91097","0.00839"
"16.84200","8.91145","0.00848"
"16.84800","8.91199","0.00853"
"16.85400","8.91253","0.00853"
"16.86000","8.91300","0.00844"
"16.86600","8.91354","0.00839"
"16.87200","8.91402","0.00832"
"16.87800","8.91450","0.00821"
"16.88400","8.91504","0.00818"
"16.89000","8.91552","0.00825"
"16.89600","8.91599","0.00829"
"16.90200","8.91653","0.00834"
"16.90800","8.91701","0.00834"
"16.91400","8.91749","0.00836"
"16.92000","8.91803","0.00844"
"16.92600","8.91851","0.00844"
"16.93200","8.91898","0.00850"
"16.93800","8.91952","0.00852"
"16.94400","8.92000","0.00853"
"16.95000","8.92048","0.00857"
"16.95600","8.92102","0.00853"
"16.96200","8.92149","0.00851"
"16.96800","8.92197","0.00852"
"16.97400","8.92251","0.00846"
"16.98000","8.92299","0.00847"
"16.98600","8.92353","0.00853"
"16.99200","8.92401","0.00852"
"16.99800","8.92454","0.00850"
"17.00400","8.92502","0.00850"
"17.01000","8.92550","0.00846"
"17.01600","8.92604","0.00847"
"17.02200","8.92652","0.00848"
"17.02800","8.92700","0.00847"
"17.03400","8.92747","0.00850"
"17.04000","8.92801","0.00853"
"17.04600","8.92849","0.00848"
"17.05200","8.92897","0.00850"
"17.05800","8.92945","0.00847"
"17.06400","8.92999","0.00841"
"17.07000","8.93046","0.00846"
"17.07600","8.93094","0.00847"
"17.08200","8.93148","0.00849"
"17.08800","8.93196","0.00850"
"17.09400","8.93244","0.00845"
"17.10000","8.93297","0.00848"
"17.10600","8.93345","0.00850"
"17.11200","8.93393","0.00850"
"17.11800","8.93447","0.00861"
"17.12400","8.93495","0.00864"
"17.13000","8.93549","0.00864"
"17.13600","8.93596","0.00867"
"17.14200","8.93650","0.00867"
"17.14800","8.93698","0.00860"
"17.15400","8.93752","0.00852"
"17.16000","8.93800","0.00839"
"17.16600","8.93848","0.00837"
"17.17200","8.93901","0.00835"
"17.17800","8.93949","0.00829"
"17.18400","8.93997","0.00833"
"17.19000","8.94051","0.00834"
"17.19600","8.94099","0.00834"
"17.20200","8.94147","0.00835"
"17.20800","8.94200","0.00833"
"17.21400","8.94248","0.00825"
"17.22000","8.94296","0.00820"
"17.22600","8.94350","0.00812"
"17.23200","8.94398","0.00806"
"17.23800","8.94445","0.00808"
"17.24400","8.94499","0.00822"
"17.25000","8.94547","0.00842"
"17.25600","8.94601","0.00848"
"17.26200","8.94649","0.00844"
"17.26800","8.94697","0.00853"
"17.27400","8.94750","0.00857"
"17.28000","8.94804","0.00854"
"17.28600","8.94852","0.00842"
"17.29200","8.94900","0.00831"
"17.29800","8.94954","0.00822"
"17.30400","8.95002","0.00811"
"17.31000","8.95055","0.00807"
"17.31600","8.95103","0.00812"
"17.32200","8.95151","0.00819"
"17.32800","8.95205","0.00823"
"17.33400","8.95253","0.00830"
"17.34000","8.95300","0.00840"
"17.34600","8.95348","0.00849"
"17.35200","8.95402","0.00860"
"17.35800","8.95450","0.00870"
"17.36400","8.95498","0.00877"
"17.37000","8.95546","0.00871"
"17.37600","8.95599","0.00868"
"17.38200","8.95647","0.00871"
"17.38800","8.95695","0.00869"
"17.39400","8.95749","0.00858"
"17.40000","8.95797","0.00861"
"17.40600","8.95850","0.00865"
"17.41200","8.95898","0.00863"
"17.41800","8.95952","0.00868"
"17.42400","8.96000","0.00871"
"17.43000","8.96054","0.00866"
"17.43600","8.96102","0.00861"
"17.44200","8.96149","0.00858"
"17.44800","8.96203","0.00863"
"17.45400","8.96251","0.00863"
"17.46000","8.96299","0.00860"
"17.46600","8.96353","0.00853"
"17.47200","8.96401","0.00840"
"17.47800","8.96448","0.00827"
"17.48400","8.96502","0.00829"
"17.49000","8.96550","0.00834"
"17.49600","8.96598","0.00840"
"17.50200","8.96652","0.00846"
"17.50800","8.96700","0.00842"
"17.51400","8.96747","0.00837"
"17.52000","8.96795","0.00842"
"17.52600","8.96849","0.00850"
"17.53200","8.96897","0.00854"
"17.53800","8.96945","0.00854"
"17.54400","8.96998","0.00841"
"17.55000","8.97046","0.00829"
"17.55600","8.97100","0.00813"
"17.56200","8.97148","0.00808"
"17.56800","8.97196","0.00813"
"17.57400","8.97250","0.00810"
"17.58000","8.97297","0.00806"
"17.58600","8.97345","0.00814"
"17.59200","8.97393","0.00832"
"17.59800","8.97447","0.00848"
"17.60400","8.97495","0.00864"
"17.61000","8.97543","0.00866"
"17.61600","8.97596","0.00856"
"17.62200","8.97644","0.00852"
"17.62800","8.97692","0.00856"
"17.63400","8.97746","0.00869"
"17.64000","8.97794","0.00879"
"17.64600","8.97841","0.00880"
"17.65200","8.97895","0.00876"
"17.65800","8.97943","0.00866"
"17.66400","8.97991","0.00858"
"17.67000","8.98045","0.00852"
"17.67600","8.98093","0.00839"
"17.68200","8.98140","0.00826"
"17.68800","8.98194","0.00808"
"17.69400","8.98242","0.00790"
"17.70000","8.98296","0.00787"
"17.70600","8.98344","0.00789"
"17.71200","8.98398","0.00786"
"17.71800","8.98445","0.00789"
"17.72400","8.98499","0.00788"
"17.73000","8.98547","0.00783"
"17.73600","8.98595","0.00780"
"17.74200","8.98649","0.00782"
"17.74800","8.98697","0.00791"
"17.75400","8.98750","0.00802"
"17.76000","8.98798","0.00809"
"17.76600","8.98846","0.00820"
"17.77200","8.98900","0.00827"
"17.77800","8.98948","0.00829"
"17.78400","8.99001","0.00829"
"17.79000","8.99049","0.00818"
"17.79600","8.99103","0.00807"
"17.80200","8.99151","0.00812"
"17.80800","8.99199","0.00820"
"17.81400","8.99253","0.00831"
"17.82000","8.99300","0.00848"
"17.82600","8.99348","0.00858"
"17.83200","8.99402","0.00858"
"17.83800","8.99450","0.00850"
"17.84400","8.99498","0.00841"
"17.85000","8.99551","0.00839"
"17.85600","8.99599","0.00844"
"17.86200","8.99653","0.00846"
"17.86800","8.99701","0.00849"
"17.87400","8.99749","0.00849"
"17.88000","8.99803","0.00852"
"17.88600","8.99850","0.00852"
"17.89200","8.99898","0.00848"
"17.89800","8.99946","0.00846"
"17.90400","9.00000","0.00845"
"17.91000","9.00048","0.00835"
"17.91600","9.00102","0.00838"
"17.92200","9.00149","0.00853"
"17.92800","9.00197","0.00856"
"17.93400","9.00251","0.00853"
"17.94000","9.00299","0.00841"
"17.94600","9.00347","0.00834"
"17.95200","9.00400","0.00833"
"17.95800","9.00448","0.00832"
"17.96400","9.00496","0.00830"
"17.97000","9.00550","0.00830"
"17.97600","9.00598","0.00822"
"17.98200","9.00646","0.00814"
"17.98800","9.00699","0.00819"
"17.99400","9.00747","0.00823"
"18.00000","9.00795","0.00826"
"18.00600","9.00849","0.00834"
"18.01200","9.00897","0.00839"
"18.01800","9.00951","0.00852"
"18.02400","9.00998","0.00864"
"18.03000","9.01046","0.00877"
"18.03600","9.01100","0.00876"
"18.04200","9.01148","0.00860"
"18.04800","9.01196","0.00846"
"18.05400","9.01243","0.00837"
"18.06000","9.01297","0.00831"
"18.06600","9.01345","0.00827"
"18.07200","9.01393","0.00823"
"18.07800","9.01441","0.00816"
"18.08400","9.01495","0.00813"
"18.09000","9.01542","0.00819"
"18.09600","9.01596","0.00830"
"18.10200","9.01644","0.00839"
"18.10800","9.01692","0.00832"
"18.11400","9.01746","0.00822"
"18.12000","9.01794","0.00817"
"18.12600","9.01847","0.00815"
"18.13200","9.01901","0.00823"
"18.13800","9.01949","0.00831"
"18.14400","9.01997","0.00831"
"18.15000","9.02051","0.00831"
"18.15600","9.02098","0.00828"
"18.16200","9.02152","0.00828"
"18.16800","9.02200","0.00831"
"18.17400","9.02248","0.00832"
"18.18000","9.02296","0.00842"
"18.18600","9.02350","0.00850"
"18.19200","9.02397","0.00849"
"18.19800","9.02451","0.00843"
"18.20400","9.02499","0.00835"
"18.21000","9.02547","0.00821"
"18.21600","9.02595","0.00822"
"18.22200","9.02649","0.00827"
"18.22800","9.02696","0.00827"
"18.23400","9.02744","0.00834"
"18.24000","9.02792","0.00834"
"18.24600","9.02846","0.00833"
"18.25200","9.02894","0.00841"
"18.25800","9.02948","0.00846"
"18.26400","9.02995","0.00840"
"18.27000","9.03049","0.00826"
"18.27600","9.03097","0.00818"
"18.28200","9.03151","0.00826"
"18.28800","9.03199","0.00827"
"18.29400","9.03246","0.00821"
"18.30000","9.03300","0.00823"
"18.30600","9.03348","0.00830"
"18.31200","9.03396","0.00831"
"18.31800","9.03450","0.00837"
"18.32400","9.03498","0.00847"
"18.33000","9.03545","0.00849"
"18.33600","9.03593","0.00853"
"18.34200","9.03647","0.00848"
"18.34800","9.03695","0.00847"
"18.35400","9.03743","0.00846"
"18.36000","9.03796","0.00843"
"18.36600","9.03844","0.00839"
"18.37200","9.03898","0.00836"
"18.37800","9.03946","0.00829"
"18.38400","9.03994","0.00828"
"18.39000","9.04048","0.00839"
"18.39600","9.04101","0.00847"
"18.40200","9.04149","0.00849"
"18.40800","9.04197","0.00837"
"18.41400","9.04251","0.00831"
"18.42000","9.04305","0.00840"
"18.42600","9.04353","0.00850"
"18.43200","9.04406","0.00855"
"18.43800","9.04454","0.00854"
"18.44400","9.04502","0.00845"
"18.45000","9.04556","0.00839"
"18.45600","9.04604","0.00844"
"18.46200","9.04652","0.00852"
"18.46800","9.04699","0.00861"
"18.47400","9.04753","0.00861"
"18.48000","9.04801","0.00851"
"18.48600","9.04849","0.00841"
"18.49200","9.04897","0.00828"
"18.49800","9.04951","0.00819"
"18.50400","9.04998","0.00811"
"18.51000","9.05052","0.00799"
"18.51600","9.05100","0.00796"
"18.52200","9.05148","0.00806"
"18.52800","9.05202","0.00814"
"18.53400","9.05249","0.00820"
"18.54000","9.05297","0.00820"
"18.54600","9.05351","0.00816"
"18.55200","9.05399","0.00809"
"18.55800","9.05453","0.00804"
"18.56400","9.05501","0.00810"
"18.57000","9.05554","0.00817"
"18.57600","9.05602","0.00819"
"18.58200","9.05656","0.00823"
"18.58800","9.05704","0.00818"
"18.59400","9.05752","0.00816"
"18.60000","9.05805","0.00830"
"18.60600","9.05853","0.00848"
"18.61200","9.05901","0.00860"
"18.61800","9.05949","0.00868"
"18.62400","9.05997","0.00873"
"18.63000","9.06051","0.00876"
"18.63600","9.06098","0.00879"
"18.64200","9.06146","0.00873"
"18.64800","9.06194","0.00860"
"18.65400","9.06248","0.00846"
"18.66000","9.06296","0.00829"
"18.66600","9.06344","0.00823"
"18.67200","9.06397","0.00818"
"18.67800","9.06445","0.00818"
"18.68400","9.06493","0.00825"
"18.69000","9.06547","0.00830"
"18.69600","9.06595","0.00831"
"18.70200","9.06648","0.00838"
"18.70800","9.06696","0.00850"
"18.71400","9.06744","0.00849"
"18.72000","9.06798","0.00850"
"18.72600","9.06846","0.00847"
"18.73200","9.06900","0.00843"
"18.73800","9.06947","0.00838"
"18.74400","9.06995","0.00831"
"18.75000","9.07043","0.00826"
"18.75600","9.07097","0.00824"
"18.76200","9.07145","0.00827"
"18.76800","9.07193","0.00823"
"18.77400","9.07240","0.00817"
"18.78000","9.07294","0.00821"
"18.78600","9.07342","0.00833"
"18.79200","9.07396","0.00842"
"18.79800","9.07444","0.00848"
"18.80400","9.07498","0.00857"
"18.81000","9.07545","0.00861"
"18.81600","9.07599","0.00874"
"18.82200","9.07647","0.00877"
"18.82800","9.07701","0.00871"
"18.83400","9.07749","0.00872"
"18.84000","9.07796","0.00870"
"18.84600","9.07850","0.00864"
"18.85200","9.07898","0.00855"
"18.85800","9.07952","0.00848"
"18.86400","9.08000","0.00844"
"18.87000","9.08054","0.00842"
"18.87600","9.08101","0.00833"
"18.88200","9.08149","0.00832"
"18.88800","9.08197","0.00838"
"18.89400","9.08251","0.00841"
"18.90000","9.08299","0.00845"
"18.90600","9.08346","0.00840"
"18.91200","9.08400","0.00827"
"18.91800","9.08448","0.00816"
"18.92400","9.08502","0.00805"
"18.93000","9.08550","0.00802"
"18.93600","9.08598","0.00810"
"18.94200","9.08651","0.00813"
"18.94800","9.08699","0.00813"
"18.95400","9.08747","0.00816"
"18.96000","9.08801","0.00820"
"18.96600","9.08849","0.00826"
"18.97200","9.08897","0.00834"
"18.97800","9.08950","0.00839"
"18.98400","9.08998","0.00848"
"18.99000","9.09052","0.00848"
"18.99600","9.09100","0.00849"
"19.00200","9.09154","0.00858"
"19.00800","9.09202","0.00858"
"19.01400","9.09249","0.00856"
"19.02000","9.09303","0.00864"
"19.02600","9.09351","0.00867"
"19.03200","9.09405","0.00871"
"19.03800","9.09453","0.00873"
"19.04400","9.09501","0.00865"
"19.05000","9.09554","0.00855"
"19.05600","9.09602","0.00852"
"19.06200","9.09650","0.00850"
"19.06800","9.09704","0.00847"
"19.07400","9.09752","0.00839"
"19.08000","9.09799","0.00830"
"19.08600","9.09853","0.00830"
"19.09200","9.09901","0.00833"
"19.09800","9.09949","0.00836"
"19.10400","9.10003","0.00839"
"19.11000","9.10050","0.00837"
"19.11600","9.10098","0.00841"
"19.12200","9.10152","0.00849"
"19.12800","9.10200","0.00851"
"19.13400","9.10248","0.00853"
"19.14000","9.10302","0.00847"
"19.14600","9.10349","0.00833"
"19.15200","9.10397","0.00818"
"19.15800","9.10451","0.00807"
"19.16400","9.10499","0.00802"
"19.17000","9.10547","0.00805"
"19.17600","9.10595","0.00809"
"19.18200","9.10648","0.00817"
"19.18800","9.10696","0.00821"
"19.19400","9.10744","0.00820"
"19.20000","9.10792","0.00825"
"19.20600","9.10846","0.00834"
"19.21200","9.10894","0.00838"
"19.21800","9.10941","0.00847"
"19.22400","9.10995","0.00848"
"19.23000","9.11043","0.00847"
"19.23600","9.11097","0.00851"
"19.24200","9.11145","0.00846"
"19.24800","9.11193","0.00838"
"19.25400","9.11240","0.00832"
"19.26000","9.11294","0.00818"
"19.26600","9.11342","0.00817"
"19.27200","9.11390","0.00829"
"19.27800","9.11444","0.00839"
"19.28400","9.11491","0.00846"
"19.29000","9.11545","0.00849"
"19.29600","9.11593","0.00842"
"19.30200","9.11641","0.00835"
"19.30800","9.11695","0.00828"
"19.31400","9.11742","0.00824"
"19.32000","9.11796","0.00832"
"19.32600","9.11844","0.00837"
"19.33200","9.11898","0.00846"
"19.33800","9.11946","0.00859"
"19.34400","9.12000","0.00862"
"19.35000","9.12047","0.00859"
"19.35600","9.12095","0.00861"
"19.36200","9.12149","0.00865"
"19.36800","9.12197","0.00869"
"19.37400","9.12251","0.00863"
"19.38000","9.12299","0.00858"
"19.38600","9.12352","0.00861"
"19.39200","9.12400","0.00862"
"19.39800","9.12448","0.00871"
"19.40400","9.12502","0.00880"
"19.41000","9.12550","0.00873"
"19.41600","9.12597","0.00862"
"19.42200","9.12651","0.00861"
"19.42800","9.12699","0.00855"
"19.43400","9.12753","0.00847"
"19.44000","9.12801","0.00832"
"19.44600","9.12855","0.00820"
"19.45200","9.12903","0.00817"
"19.45800","9.12950","0.00817"
"19.46400","9.13004","0.00828"
"19.47000","9.13052","0.00834"
"19.47600","9.13100","0.00833"
"19.48200","9.13148","0.00831"
"19.48800","9.13201","0.00829"
"19.49400","9.13249","0.00826"
"19.50000","9.13297","0.00826"
"19.50600","9.13345","0.00821"
"19.51200","9.13399","0.00811"
"19.51800","9.13447","0.00806"
"19.52400","9.13494","0.00806"
"19.53000","9.13548","0.00813"
"19.53600","9.13596","0.00823"
"19.54200","9.13644","0.00827"
"19.54800","9.13698","0.00821"
"19.55400","9.13745","0.00822"
"19.56000","9.13799","0.00827"
"19.56600","9.13847","0.00836"
"19.57200","9.13895","0.00847"
"19.57800","9.13949","0.00847"
"19.58400","9.13997","0.00848"
"19.59000","9.14050","0.00848"
"19.59600","9.14098","0.00853"
"19.60200","9.14146","0.00861"
"19.60800","9.14200","0.00864"
"19.61400","9.14248","0.00860"
"19.62000","9.14296","0.00859"
"19.62600","9.14349","0.00854"
"19.63200","9.14397","0.00850"
"19.63800","9.14445","0.00848"
"19.64400","9.14493","0.00843"
"19.65000","9.14547","0.00838"
"19.65600","9.14595","0.00838"
"19.66200","9.14648","0.00836"
"19.66800","9.14696","0.00837"
"19.67400","9.14744","0.00833"
"19.68000","9.14798","0.00835"
"19.68600","9.14846","0.00839"
"19.69200","9.14894","0.00831"
"19.69800","9.14947","0.00825"
"19.70400","9.14995","0.00832"
"19.71000","9.15043","0.00836"
"19.71600","9.15097","0.00842"
"19.72200","9.15145","0.00846"
"19.72800","9.15198","0.00841"
"19.73400","9.15246","0.00842"
"19.74000","9.15294","0.00839"
"19.74600","9.15348","0.00835"
"19.75200","9.15396","0.00831"
"19.75800","9.15444","0.00816"
"19.76400","9.15491","0.00808"
"19.77000","9.15545","0.00810"
"19.77600","9.15593","0.00808"
"19.78200","9.15641","0.00813"
"19.78800","9.15689","0.00827"
"19.79400","9.15742","0.00825"
"19.80000","9.15790","0.00822"
"19.80600","9.15838","0.00826"
"19.81200","9.15892","0.00832"
"19.81800","9.15940","0.00842"
"19.82400","9.15988","0.00846"
"19.83000","9.16041","0.00849"
"19.83600","9.16089","0.00852"
"19.84200","9.16137","0.00854"
"19.84800","9.16191","0.00853"
"19.85400","9.16245","0.00849"
"19.86000","9.16292","0.00838"
"19.86600","9.16346","0.00836"
"19.87200","9.16400","0.00829"
"19.87800","9.16448","0.00825"
"19.88400","9.16502","0.00832"
"19.89000","9.16550","0.00841"
"19.89600","9.16597","0.00847"
"19.90200","9.16651","0.00840"
"19.90800","9.16699","0.00824"
"19.91400","9.16747","0.00817"
"19.92000","9.16801","0.00829"
"19.92600","9.16849","0.00844"
"19.93200","9.16896","0.00857"
"19.93800","9.16950","0.00864"
"19.94400","9.16998","0.00863"
"19.95000","9.17052","0.00856"
"19.95600","9.17100","0.00850"
"19.96200","9.17148","0.00843"
"19.96800","9.17201","0.00841"
"19.97400","9.17249","0.00843"
"19.98000","9.17297","0.00847"
"19.98600","9.17351","0.00854"
"19.99200","9.17399","0.00861"
"19.99800","9.17453","0.00870"
"20.00400","9.17506","0.00877"
"20.01000","9.17554","0.00874"
"20.01600","9.17602","0.00864"
"20.02200","9.17656","0.00862"
"20.02800","9.17704","0.00860"
"20.03400","9.17751","0.00855"
"20.04000","9.17799","0.00842"
"20.04600","9.17847","0.00826"
"20.05200","9.17901","0.00814"
"20.05800","9.17949","0.00804"
"20.06400","9.17997","0.00804"
"20.07000","9.18044","0.00811"
"20.07600","9.18098","0.00811"
"20.08200","9.18146","0.00805"
"20.08800","9.18200","0.00806"
"20.09400","9.18248","0.00804"
"20.10000","9.18301","0.00807"
"20.10600","9.18349","0.00811"
"20.11200","9.18403","0.00813"
"20.11800","9.18451","0.00820"
"20.12400","9.18499","0.00817"
"20.13000","9.18553","0.00815"
"20.13600","9.18600","0.00814"
"20.14200","9.18654","0.00806"
"20.14800","9.18702","0.00803"
"20.15400","9.18756","0.00800"
"20.16000","9.18804","0.00801"
"20.16600","9.18857","0.00811"
"20.17200","9.18905","0.00823"
"20.17800","9.18959","0.00829"
"20.18400","9.19007","0.00836"
"20.19000","9.19055","0.00835"
"20.19600","9.19103","0.00836"
"20.20200","9.19156","0.00849"
"20.20800","9.19204","0.00855"
"20.21400","9.19252","0.00851"
"20.22000","9.19300","0.00847"
"20.22600","9.19348","0.00842"
"20.23200","9.19402","0.00837"
"20.23800","9.19449","0.00834"
"20.24400","9.19497","0.00838"
"20.25000","9.19545","0.00848"
"20.25600","9.19599","0.00850"
"20.26200","9.19647","0.00846"
"20.26800","9.19695","0.00845"
"20.27400","9.19748","0.00837"
"20.28000","9.19796","0.00833"
"20.28600","9.19850","0.00826"
"20.29200","9.19898","0.00815"
"20.29800","9.19946","0.00801"
"20.30400","9.20000","0.00784"
"20.31000","9.20047","0.00779"
"20.31600","9.20095","0.00794"
"20.32200","9.20149","0.00810"
"20.32800","9.20197","0.00820"
"20.33400","9.20245","0.00821"
"20.34000","9.20292","0.00814"
"20.34600","9.20340","0.00814"
"20.35200","9.20394","0.00828"
"20.35800","9.20442","0.00841"
"20.36400","9.20490","0.00847"
"20.37000","9.20544","0.00851"
"20.37600","9.20591","0.00848"
"20.38200","9.20639","0.00846"
"20.38800","9.20693","0.00847"
"20.39400","9.20741","0.00845"
"20.40000","9.20795","0.00839"
"20.40600","9.20842","0.00828"
"20.41200","9.20896","0.00811"
"20.41800","9.20944","0.00807"
"20.42400","9.20998","0.00812"
"20.43000","9.21052","0.00818"
"20.43600","9.21100","0.00824"
"20.44200","9.21153","0.00817"
"20.44800","9.21201","0.00811"
"20.45400","9.21249","0.00812"
"20.46000","9.21303","0.00811"
"20.46600","9.21351","0.00812"
"20.47200","9.21405","0.00810"
"20.47800","9.21452","0.00811"
"20.48400","9.21500","0.00818"
"20.49000","9.21554","0.00827"
"20.49600","9.21602","0.00837"
"20.50200","9.21650","0.00853"
"20.50800","9.21704","0.00859"
"20.51400","9.21751","0.00860"
"20.52000","9.21799","0.00856"
"20.52600","9.21853","0.00840"
"20.53200","9.21901","0.00828"
"20.53800","9.21949","0.00828"
"20.54400","9.22002","0.00823"
"20.55000","9.22050","0.00812"
"20.55600","9.22098","0.00805"
"20.56200","9.22152","0.00807"
"20.56800","9.22200","0.00816"
"20.57400","9.22254","0.00814"
"20.58000","9.22301","0.00811"
"20.58600","9.22355","0.00817"
"20.59200","9.22403","0.00825"
"20.59800","9.22451","0.00827"
"20.60400","9.22499","0.00829"
"20.61000","9.22552","0.00828"
"20.61600","9.22600","0.00823"
"20.62200","9.22648","0.00821"
"20.62800","9.22696","0.00820"
"20.63400","9.22750","0.00821"
"20.64000","9.22798","0.00818"
"20.64600","9.22845","0.00814"
"20.65200","9.22899","0.00818"
"20.65800","9.22947","0.00819"
"20.66400","9.23001","0.00819"
"20.67000","9.23049","0.00824"
"20.67600","9.23097","0.00825"
"20.68200","9.23150","0.00827"
"20.68800","9.23198","0.00825"
"20.69400","9.23252","0.00816"
"20.70000","9.23300","0.00808"
"20.70600","9.23354","0.00809"
"20.71200","9.23401","0.00820"
"20.71800","9.23455","0.00836"
"20.72400","9.23503","0.00842"
"20.73000","9.23551","0.00845"
"20.73600","9.23605","0.00848"
"20.74200","9.23653","0.00844"
"20.74800","9.23706","0.00837"
"20.75400","9.23754","0.00836"
"20.76000","9.23802","0.00837"
"20.76600","9.23850","0.00834"
"20.77200","9.23898","0.00835"
"20.77800","9.23946","0.00838"
"20.78400","9.23999","0.00847"
"20.79000","9.24047","0.00840"
"20.79600","9.24095","0.00820"
"20.80200","9.24143","0.00813"
"20.80800","9.24197","0.00812"
"20.81400","9.24244","0.00809"
"20.82000","9.24292","0.00813"
"20.82600","9.24340","0.00815"
"20.83200","9.24394","0.00816"
"20.83800","9.24442","0.00811"
"20.84400","9.24496","0.00803"
"20.85000","9.24543","0.00808"
"20.85600","9.24591","0.00816"
"20.86200","9.24645","0.00822"
"20.86800","9.24693","0.00832"
"20.87400","9.24747","0.00836"
"20.88000","9.24795","0.00840"
"20.88600","9.24842","0.00842"
"20.89200","9.24890","0.00845"
"20.89800","9.24938","0.00851"
"20.90400","9.24992","0.00848"
"20.91000","9.25040","0.00838"
"20.91600","9.25088","0.00822"
"20.92200","9.25141","0.00814"
"20.92800","9.25189","0.00811"
"20.93400","9.25243","0.00807"
"20.94000","9.25291","0.00802"
"20.94600","9.25339","0.00797"
"20.95200","9.25392","0.00809"
"20.95800","9.25440","0.00822"
"20.96400","9.25494","0.00835"
"20.97000","9.25542","0.00842"
"20.97600","9.25596","0.00837"
"20.98200","9.25644","0.00822"
"20.98800","9.25697","0.00811"
"20.99400","9.25745","0.00808"
"21.00000","9.25799","0.00819"
"21.00600","9.25847","0.00829"
"21.01200","9.25901","0.00837"
"21.01800","9.25955","0.00837"
"21.02400","9.26002","0.00834"
"21.03000","9.26050","0.00836"
"21.03600","9.26104","0.00852"
"21.04200","9.26152","0.00855"
"21.04800","9.26200","0.00855"
"21.05400","9.26254","0.00855"
"21.06000","9.26301","0.00847"
"21.06600","9.26355","0.00845"
"21.07200","9.26403","0.00850"
"21.07800","9.26451","0.00856"
"21.08400","9.26505","0.00855"
"21.09000","9.26552","0.00838"
"21.09600","9.26600","0.00822"
"21.10200","9.26654","0.00817"
"21.10800","9.26702","0.00815"
"21.11400","9.26750","0.00808"
"21.12000","9.26803","0.00810"
"21.12600","9.26851","0.00811"
"21.13200","9.26899","0.00812"
"21.13800","9.26953","0.00808"
"21.14400","9.27001","0.00808"
"21.15000","9.27055","0.00812"
"21.15600","9.27102","0.00814"
"21.16200","9.27150","0.00813"
"21.16800","9.27204","0.00820"
"21.17400","9.27252","0.00821"
"21.18000","9.27300","0.00828"
"21.18600","9.27348","0.00834"
"21.19200","9.27401","0.00832"
"21.19800","9.27449","0.00837"
"21.20400","9.27503","0.00847"
"21.21000","9.27551","0.00854"
"21.21600","9.27605","0.00860"
"21.22200","9.27653","0.00863"
"21.22800","9.27706","0.00860"
"21.23400","9.27754","0.00861"
"21.24000","9.27802","0.00858"
"21.24600","9.27850","0.00852"
"21.25200","9.27904","0.00846"
"21.25800","9.27951","0.00842"
"21.26400","9.27999","0.00835"
"21.27000","9.28053","0.00829"
"21.27600","9.28101","0.00821"
"21.28200","9.28155","0.00824"
"21.28800","9.28203","0.00815"
"21.29400","9.28250","0.00803"
"21.30000","9.28304","0.00805"
"21.30600","9.28352","0.00810"
"21.31200","9.28400","0.00810"
"21.31800","9.28448","0.00817"
"21.32400","9.28502","0.00824"
"21.33000","9.28549","0.00828"
"21.33600","9.28597","0.00834"
"21.34200","9.28651","0.00830"
"21.34800","9.28699","0.00828"
"21.35400","9.28747","0.00832"
"21.36000","9.28800","0.00832"
"21.36600","9.28848","0.00834"
"21.37200","9.28902","0.00835"
"21.37800","9.28950","0.00830"
"21.38400","9.28998","0.00826"
"21.39000","9.29052","0.00819"
"21.39600","9.29099","0.00815"
"21.40200","9.29147","0.00814"
"21.40800","9.29201","0.00809"
"21.41400","9.29249","0.00802"
"21.42000","9.29297","0.00802"
"21.42600","9.29345","0.00811"
"21.43200","9.29398","0.00824"
"21.43800","9.29446","0.00839"
"21.44400","9.29494","0.00851"
"21.45000","9.29542","0.00860"
"21.45600","9.29596","0.00859"
"21.46200","9.29644","0.00849"
"21.46800","9.29691","0.00850"
"21.47400","9.29745","0.00846"
"21.48000","9.29793","0.00833"
"21.48600","9.29847","0.00817"
"21.49200","9.29895","0.00800"
"21.49800","9.29949","0.00793"
"21.50400","9.29996","0.00798"
"21.51000","9.30050","0.00796"
"21.51600","9.30098","0.00795"
"21.52200","9.30152","0.00789"
"21.52800","9.30200","0.00787"
"21.53400","9.30247","0.00798"
"21.54000","9.30301","0.00808"
"21.54600","9.30349","0.00812"
"21.55200","9.30397","0.00812"
"21.55800","9.30451","0.00811"
"21.56400","9.30499","0.00815"
"21.57000","9.30546","0.00821"
"21.57600","9.30600","0.00818"
"21.58200","9.30648","0.00813"
"21.58800","9.30702","0.00810"
"21.59400","9.30750","0.00802"
"21.60000","9.30797","0.00802"
"21.60600","9.30851","0.00810"
"21.61200","9.30899","0.00821"
"21.61800","9.30953","0.00833"
"21.62400","9.31001","0.00845"
"21.63000","9.31054","0.00844"
"21.63600","9.31102","0.00847"
"21.64200","9.31150","0.00846"
"21.64800","9.31204","0.00842"
"21.65400","9.31252","0.00840"
"21.66000","9.31306","0.00827"
"21.66600","9.31353","0.00819"
"21.67200","9.31401","0.00814"
"21.67800","9.31455","0.00817"
"21.68400","9.31503","0.00831"
"21.69000","9.31551","0.00835"
"21.69600","9.31605","0.00828"
"21.70200","9.31652","0.00823"
"21.70800","9.31700","0.00818"
"21.71400","9.31754","0.00812"
"21.72000","9.31802","0.00813"
"21.72600","9.31850","0.00812"
"21.73200","9.31904","0.00822"
"21.73800","9.31951","0.00832"
"21.74400","9.31999","0.00839"
"21.75000","9.32047","0.00848"
"21.75600","9.32101","0.00855"
"21.76200","9.32149","0.00859"
"21.76800","9.32197","0.00869"
"21.77400","9.32250","0.00864"
"21.78000","9.32298","0.00847"
"21.78600","9.32352","0.00838"
"21.79200","9.32400","0.00827"
"21.79800","9.32454","0.00816"
"21.80400","9.32501","0.00813"
"21.81000","9.32549","0.00823"
"21.81600","9.32603","0.00842"
"21.82200","9.32651","0.00852"
"21.82800","9.32699","0.00854"
"21.83400","9.32753","0.00867"
"21.84000","9.32800","0.00875"
"21.84600","9.32848","0.00860"
"21.85200","9.32902","0.00850"
"21.85800","9.32950","0.00839"
"21.86400","9.32998","0.00826"
"21.87000","9.33052","0.00826"
"21.87600","9.33099","0.00828"
"21.88200","9.33147","0.00825"
"21.88800","9.33195","0.00822"
"21.89400","9.33243","0.00817"
"21.90000","9.33297","0.00812"
"21.90600","9.33344","0.00815"
"21.91200","9.33398","0.00814"
"21.91800","9.33446","0.00822"
"21.92400","9.33494","0.00828"
"21.93000","9.33548","0.00827"
"21.93600","9.33596","0.00825"
"21.94200","9.33649","0.00820"
"21.94800","9.33697","0.00818"
"21.95400","9.33745","0.00818"
"21.96000","9.33799","0.00821"
"21.96600","9.33847","0.00824"
"21.97200","9.33895","0.00825"
"21.97800","9.33942","0.00822"
"21.98400","9.33996","0.00815"
"21.99000","9.34044","0.00818"
"21.99600","9.34092","0.00821"
"22.00200","9.34146","0.00829"
"22.00800","9.34194","0.00838"
"22.01400","9.34247","0.00840"
"22.02000","9.34295","0.00844"
"22.02600","9.34343","0.00846"
"22.03200","9.34397","0.00844"
"22.03800","9.34445","0.00847"
"22.04400","9.34499","0.00843"
"22.05000","9.34546","0.00846"
"22.05600","9.34594","0.00850"
"22.06200","9.34648","0.00845"
"22.06800","9.34696","0.00840"
"22.07400","9.34750","0.00836"
"22.08000","9.34797","0.00835"
"22.08600","9.34851","0.00831"
"22.09200","9.34899","0.00820"
"22.09800","9.34947","0.00813"
"22.10400","9.35001","0.00814"
"22.11000","9.35048","0.00813"
"22.11600","9.35102","0.00818"
"22.12200","9.35150","0.00822"
"22.12800","9.35198","0.00822"
"22.13400","9.35252","0.00830"
"22.14000","9.35300","0.00836"
"22.14600","9.35353","0.00844"
"22.15200","9.35401","0.00860"
"22.15800","9.35449","0.00867"
"22.16400","9.35503","0.00866"
"22.17000","9.35551","0.00866"
"22.17600","9.35604","0.00865"
"22.18200","9.35652","0.00859"
"22.18800","9.35700","0.00860"
"22.19400","9.35754","0.00860"
"22.20000","9.35802","0.00858"
"22.20600","9.35850","0.00858"
"22.21200","9.35903","0.00861"
"22.21800","9.35951","0.00870"
"22.22400","9.35999","0.00869"
"22.23000","9.36053","0.00862"
"22.23600","9.36101","0.00852"
"22.24200","9.36149","0.00840"
"22.24800","9.36202","0.00837"
"22.25400","9.36250","0.00837"
"22.26000","9.36304","0.00829"
"22.26600","9.36352","0.00827"
"22.27200","9.36400","0.00828"
"22.27800","9.36454","0.00827"
"22.28400","9.36501","0.00833"
"22.29000","9.36555","0.00844"
"22.29600","9.36603","0.00854"
"22.30200","9.36651","0.00860"
"22.30800","9.36705","0.00857"
"22.31400","9.36753","0.00844"
"22.32000","9.36806","0.00843"
"22.32600","9.36854","0.00845"
"22.33200","9.36902","0.00846"
"22.33800","9.36956","0.00832"
"22.34400","9.37004","0.00816"
"22.35000","9.37051","0.00814"
"22.35600","9.37099","0.00821"
"22.36200","9.37153","0.00822"
"22.36800","9.37201","0.00825"
"22.37400","9.37249","0.00818"
"22.38000","9.37297","0.00815"
"22.38600","9.37344","0.00817"
"22.39200","9.37398","0.00824"
"22.39800","9.37446","0.00836"
"22.40400","9.37494","0.00843"
"22.41000","9.37548","0.00842"
"22.41600","9.37596","0.00842"
"22.42200","9.37643","0.00837"
"22.42800","9.37697","0.00823"
"22.43400","9.37745","0.00820"
"22.44000","9.37799","0.00823"
"22.44600","9.37847","0.00821"
"22.45200","9.37901","0.00816"
"22.45800","9.37948","0.00821"
"22.46400","9.37996","0.00831"
"22.47000","9.38044","0.00841"
"22.47600","9.38098","0.00843"
"22.48200","9.38146","0.00844"
"22.48800","9.38193","0.00837"
"22.49400","9.38241","0.00820"
"22.50000","9.38295","0.00816"
"22.50600","9.38343","0.00815"
"22.51200","9.38391","0.00805"
"22.51800","9.38445","0.00797"
"22.52400","9.38492","0.00794"
"22.53000","9.38540","0.00792"
"22.53600","9.38594","0.00804"
"22.54200","9.38642","0.00818"
"22.54800","9.38690","0.00834"
"22.55400","9.38743","0.00853"
"22.56000","9.38791","0.00868"
"22.56600","9.38845","0.00879"
"22.57200","9.38893","0.00880"
"22.57800","9.38947","0.00880"
"22.58400","9.39001","0.00873"
"22.59000","9.39048","0.00864"
"22.59600","9.39102","0.00860"
"22.60200","9.39150","0.00857"
"22.60800","9.39198","0.00856"
"22.61400","9.39252","0.00853"
"22.62000","9.39300","0.00848"
"22.62600","9.39347","0.00844"
"22.63200","9.39401","0.00844"
"22.63800","9.39449","0.00845"
"22.64400","9.39503","0.00844"
"22.65000","9.39551","0.00847"
"22.65600","9.39598","0.00843"
"22.66200","9.39652","0.00837"
"22.66800","9.39700","0.00834"
"22.67400","9.39748","0.00834"
"22.68000","9.39802","0.00843"
"22.68600","9.39850","0.00859"
"22.69200","9.39897","0.00858"
"22.69800","9.39951","0.00850"
"22.70400","9.39999","0.00844"
"22.71000","9.40053","0.00839"
"22.71600","9.40101","0.00843"
"22.72200","9.40154","0.00850"
"22.72800","9.40202","0.00849"
"22.73400","9.40256","0.00850"
"22.74000","9.40304","0.00850"
"22.74600","9.40352","0.00843"
"22.75200","9.40406","0.00853"
"22.75800","9.40453","0.00859"
"22.76400","9.40501","0.00858"
"22.77000","9.40555","0.00852"
"22.77600","9.40603","0.00845"
"22.78200","9.40651","0.00849"
"22.78800","9.40699","0.00852"
"22.79400","9.40752","0.00846"
"22.80000","9.40800","0.00845"
"22.80600","9.40854","0.00847"
"22.81200","9.40902","0.00840"
"22.81800","9.40950","0.00842"
"22.82400","9.41004","0.00851"
"22.83000","9.41051","0.00855"
"22.83600","9.41099","0.00859"
"22.84200","9.41153","0.00855"
"22.84800","9.41201","0.00855"
"22.85400","9.41255","0.00859"
"22.86000","9.41302","0.00865"
"22.86600","9.41350","0.00871"
"22.87200","9.41404","0.00862"
"22.87800","9.41452","0.00846"
"22.88400","9.41506","0.00843"
"22.89000","9.41554","0.00842"
"22.89600","9.41601","0.00842"
"22.90200","9.41655","0.00847"
"22.90800","9.41703","0.00847"
"22.91400","9.41751","0.00841"
"22.92000","9.41799","0.00834"
"22.92600","9.41853","0.00825"
"22.93200","9.41900","0.00824"
"22.93800","9.41948","0.00837"
"22.94400","9.41996","0.00847"
"22.95000","9.42044","0.00856"
"22.95600","9.42098","0.00861"
"22.96200","9.42146","0.00866"
"22.96800","9.42193","0.00866"
"22.97400","9.42247","0.00861"
"22.98000","9.42295","0.00859"
"22.98600","9.42349","0.00859"
"22.99200","9.42397","0.00862"
"22.99800","9.42445","0.00857"
"23.00400","9.42498","0.00862"
"23.01000","9.42546","0.00860"
"23.01600","9.42600","0.00863"
"23.02200","9.42648","0.00856"
"23.02800","9.42696","0.00839"
"23.03400","9.42749","0.00832"
"23.04000","9.42797","0.00832"
"23.04600","9.42845","0.00828"
"23.05200","9.42899","0.00818"
"23.05800","9.42947","0.00813"
"23.06400","9.43001","0.00809"
"23.07000","9.43048","0.00805"
"23.07600","9.43096","0.00805"
"23.08200","9.43150","0.00811"
"23.08800","9.43198","0.00826"
"23.09400","9.43246","0.00836"
"23.10000","9.43293","0.00846"
"23.10600","9.43347","0.00854"
"23.11200","9.43395","0.00856"
"23.11800","9.43443","0.00856"
"23.12400","9.43497","0.00853"
"23.13000","9.43545","0.00848"
"23.13600","9.43592","0.00853"
"23.14200","9.43646","0.00855"
"23.14800","9.43694","0.00857"
"23.15400","9.43748","0.00861"
"23.16000","9.43802","0.00862"
"23.16600","9.43849","0.00861"
"23.17200","9.43903","0.00856"
"23.17800","9.43951","0.00846"
"23.18400","9.43999","0.00844"
"23.19000","9.44053","0.00845"
"23.19600","9.44101","0.00847"
"23.20200","9.44148","0.00852"
"23.20800","9.44202","0.00850"
"23.21400","9.44250","0.00852"
"23.22000","9.44298","0.00858"
"23.22600","9.44352","0.00855"
"23.23200","9.44400","0.00854"
"23.23800","9.44447","0.00853"
"23.24400","9.44495","0.00846"
"23.25000","9.44549","0.00846"
"23.25600","9.44597","0.00847"
"23.26200","9.44645","0.00845"
"23.26800","9.44699","0.00843"
"23.27400","9.44746","0.00842"
"23.28000","9.44800","0.00843"
"23.28600","9.44848","0.00849"
"23.29200","9.44902","0.00845"
"23.29800","9.44950","0.00843"
"23.30400","9.45003","0.00846"
"23.31000","9.45051","0.00842"
"23.31600","9.45105","0.00849"
"23.32200","9.45153","0.00853"
"23.32800","9.45207","0.00853"
"23.33400","9.45255","0.00856"
"23.34000","9.45302","0.00854"
"23.34600","9.45356","0.00846"
"23.35200","9.45404","0.00838"
"23.35800","9.45458","0.00835"
"23.36400","9.45506","0.00832"
"23.37000","9.45554","0.00832"
"23.37600","9.45601","0.00830"
"23.38200","9.45649","0.00829"
"23.38800","9.45703","0.00830"
"23.39400","9.45751","0.00839"
"23.40000","9.45799","0.00852"
"23.40600","9.45846","0.00861"
"23.41200","9.45894","0.00858"
"23.41800","9.45948","0.00858"
"23.42400","9.45996","0.00859"
"23.43000","9.46050","0.00857"
"23.43600","9.46098","0.00853"
"23.44200","9.46151","0.00852"
"23.44800","9.46199","0.00853"
"23.45400","9.46253","0.00851"
"23.46000","9.46301","0.00850"
"23.46600","9.46355","0.00852"
"23.47200","9.46403","0.00845"
"23.47800","9.46450","0.00833"
"23.48400","9.46504","0.00832"
"23.49000","9.46552","0.00828"
"23.49600","9.46600","0.00820"
"23.50200","9.46654","0.00818"
"23.50800","9.46702","0.00818"
"23.51400","9.46749","0.00823"
"23.52000","9.46803","0.00842"
"23.52600","9.46851","0.00856"
"23.53200","9.46899","0.00870"
"23.53800","9.46947","0.00879"
"23.54400","9.46994","0.00881"
"23.55000","9.47048","0.00888"
"23.55600","9.47096","0.00895"
"23.56200","9.47144","0.00892"
"23.56800","9.47192","0.00888"
"23.57400","9.47246","0.00878"
"23.58000","9.47293","0.00869"
"23.58600","9.47347","0.00855"
"23.59200","9.47395","0.00838"
"23.59800","9.47449","0.00829"
"23.60400","9.47497","0.00827"
"23.61000","9.47550","0.00827"
"23.61600","9.47598","0.00837"
"23.62200","9.47646","0.00842"
"23.62800","9.47700","0.00838"
"23.63400","9.47748","0.00838"
"23.64000","9.47796","0.00846"
"23.64600","9.47843","0.00854"
"23.65200","9.47897","0.00859"
"23.65800","9.47945","0.00858"
"23.66400","9.47993","0.00856"
"23.67000","9.48047","0.00853"
"23.67600","9.48095","0.00841"
"23.68200","9.48142","0.00832"
"23.68800","9.48196","0.00826"
"23.69400","9.48244","0.00821"
"23.70000","9.48292","0.00825"
"23.70600","9.48346","0.00831"
"23.71200","9.48394","0.00836"
"23.71800","9.48447","0.00842"
"23.72400","9.48495","0.00847"
"23.73000","9.48549","0.00849"
"23.73600","9.48603","0.00843"
"23.74200","9.48651","0.00823"
"23.74800","9.48698","0.00806"
"23.75400","9.48752","0.00813"
"23.76000","9.48800","0.00820"
"23.76600","9.48854","0.00830"
"23.77200","9.48902","0.00835"
"23.77800","9.48956","0.00838"
"23.78400","9.49003","0.00850"
"23.79000","9.49051","0.00865"
"23.79600","9.49099","0.00874"
"23.80200","9.49147","0.00873"
"23.80800","9.49201","0.00865"
"23.81400","9.49249","0.00861"
"23.82000","9.49296","0.00865"
"23.82600","9.49344","0.00868"
"23.83200","9.49398","0.00876"
"23.83800","9.49446","0.00893"
"23.84400","9.49494","0.00896"
"23.85000","9.49547","0.00897"
"23.85600","9.49595","0.00893"
"23.86200","9.49649","0.00885"
"23.86800","9.49697","0.00884"
"23.87400","9.49751","0.00880"
"23.88000","9.49805","0.00872"
"23.88600","9.49852","0.00877"
"23.89200","9.49906","0.00879"
"23.89800","9.49954","0.00878"
"23.90400","9.50002","0.00871"
"23.91000","9.50056","0.00856"
"23.91600","9.50104","0.00846"
"23.92200","9.50151","0.00842"
"23.92800","9.50205","0.00839"
"23.93400","9.50253","0.00842"
"23.94000","9.50301","0.00842"
"23.94600","9.50349","0.00835"
"23.95200","9.50397","0.00833"
"23.95800","9.50450","0.00837"
"23.96400","9.50498","0.00836"
"23.97000","9.50546","0.00836"
"23.97600","9.50594","0.00834"
"23.98200","9.50648","0.00826"
"23.98800","9.50695","0.00825"
"23.99400","9.50743","0.00824"
"24.00000","9.50797","0.00829"
"24.00600","9.50845","0.00839"
"24.01200","9.50899","0.00845"
"24.01800","9.50947","0.00854"
"24.02400","9.51000","0.00858"
"24.03000","9.51048","0.00859"
"24.03600","9.51096","0.00858"
"24.04200","9.51150","0.00851"
"24.04800","9.51198","0.00847"
"24.05400","9.51245","0.00841"
"24.06000","9.51293","0.00835"
"24.06600","9.51341","0.00834"
"24.07200","9.51395","0.00834"
"24.07800","9.51443","0.00838"
"24.08400","9.51491","0.00849"
"24.09000","9.51544","0.00861"
"24.09600","9.51592","0.00860"
"24.10200","9.51640","0.00853"
"24.10800","9.51694","0.00841"
"24.11400","9.51742","0.00840"
"24.12000","9.51790","0.00841"
"24.12600","9.51837","0.00842"
"24.13200","9.51891","0.00842"
"24.13800","9.51939","0.00844"
"24.14400","9.51993","0.00843"
"24.15000","9.52041","0.00840"
"24.15600","9.52095","0.00847"
"24.16200","9.52142","0.00845"
"24.16800","9.52196","0.00842"
"24.17400","9.52250","0.00843"
"24.18000","9.52298","0.00845"
"24.18600","9.52346","0.00851"
"24.19200","9.52399","0.00847"
"24.19800","9.52447","0.00838"
"24.20400","9.52495","0.00832"
"24.21000","9.52549","0.00832"
"24.21600","9.52597","0.00834"
"24.22200","9.52645","0.00837"
"24.22800","9.52698","0.00829"
"24.23400","9.52746","0.00823"
"24.24000","9.52800","0.00816"
"24.24600","9.52848","0.00812"
"24.25200","9.52896","0.00820"
"24.25800","9.52949","0.00828"
"24.26400","9.52997","0.00841"
"24.27000","9.53045","0.00848"
"24.27600","9.53099","0.00848"
"24.28200","9.53147","0.00846"
"24.28800","9.53195","0.00856"
"24.29400","9.53248","0.00863"
"24.30000","9.53296","0.00866"
"24.30600","9.53350","0.00870"
"24.31200","9.53404","0.00862"
"24.31800","9.53452","0.00858"
"24.32400","9.53506","0.00858"
"24.33000","9.53553","0.00860"
"24.33600","9.53601","0.00869"
"24.34200","9.53649","0.00877"
"24.34800","9.53703","0.00880"
"24.35400","9.53751","0.00878"
"24.36000","9.53799","0.00866"
"24.36600","9.53846","0.00847"
"24.37200","9.53900","0.00829"
"24.37800","9.53948","0.00814"
"24.38400","9.53996","0.00808"
"24.39000","9.54044","0.00813"
"24.39600","9.54097","0.00820"
"24.40200","9.54145","0.00825"
"24.40800","9.54199","0.00826"
"24.41400","9.54247","0.00826"
"24.42000","9.54295","0.00827"
"24.42600","9.54349","0.00821"
"24.43200","9.54396","0.00823"
"24.43800","9.54450","0.00840"
"24.44400","9.54498","0.00847"
"24.45000","9.54552","0.00845"
"24.45600","9.54600","0.00836"
"24.46200","9.54654","0.00819"
"24.46800","9.54701","0.00812"
"24.47400","9.54749","0.00815"
"24.48000","9.54803","0.00815"
"24.48600","9.54851","0.00824"
"24.49200","9.54899","0.00823"
"24.49800","9.54947","0.00826"
"24.50400","9.55000","0.00842"
"24.51000","9.55048","0.00852"
"24.51600","9.55096","0.00857"
"24.52200","9.55150","0.00858"
"24.52800","9.55198","0.00851"
"24.53400","9.55245","0.00847"
"24.54000","9.55293","0.00849"
"24.54600","9.55347","0.00853"
"24.55200","9.55395","0.00852"
"24.55800","9.55443","0.00841"
"24.56400","9.55497","0.00835"
"24.57000","9.55544","0.00838"
"24.57600","9.55598","0.00845"
"24.58200","9.55646","0.00864"
"24.58800","9.55700","0.00884"
"24.59400","9.55748","0.00891"
"24.60000","9.55801","0.00891"
"24.60600","9.55849","0.00883"
"24.61200","9.55897","0.00872"
"24.61800","9.55951","0.00869"
"24.62400","9.55999","0.00869"
"24.63000","9.56047","0.00873"
"24.63600","9.56094","0.00879"
"24.64200","9.56148","0.00880"
"24.64800","9.56196","0.00882"
"24.65400","9.56244","0.00886"
"24.66000","9.56292","0.00886"
"24.66600","9.56340","0.00882"
"24.67200","9.56393","0.00877"
"24.67800","9.56441","0.00866"
"24.68400","9.56489","0.00862"
"24.69000","9.56537","0.00856"
"24.69600","9.56591","0.00838"
"24.70200","9.56639","0.00832"
"24.70800","9.56692","0.00830"
"24.71400","9.56740","0.00835"
"24.72000","9.56794","0.00845"
"24.72600","9.56848","0.00848"
"24.73200","9.56896","0.00853"
"24.73800","9.56949","0.00854"
"24.74400","9.57003","0.00850"
"24.75000","9.57051","0.00848"
"24.75600","9.57099","0.00847"
"24.76200","9.57153","0.00846"
"24.76800","9.57201","0.00845"
"24.77400","9.57248","0.00838"
"24.78000","9.57302","0.00836"
"24.78600","9.57350","0.00840"
"24.79200","9.57398","0.00838"
"24.79800","9.57452","0.00839"
"24.80400","9.57499","0.00854"
"24.81000","9.57547","0.00856"
"24.81600","9.57601","0.00855"
"24.82200","9.57649","0.00851"
"24.82800","9.57697","0.00845"
"24.83400","9.57751","0.00852"
"24.84000","9.57798","0.00858"
"24.84600","9.57852","0.00860"
"24.85200","9.57900","0.00854"
"24.85800","9.57948","0.00846"
"24.86400","9.58002","0.00842"
"24.87000","9.58055","0.00843"
"24.87600","9.58103","0.00836"
"24.88200","9.58151","0.00832"
"24.88800","9.58205","0.00830"
"24.89400","9.58253","0.00823"
"24.90000","9.58307","0.00823"
"24.90600","9.58354","0.00830"
"24.91200","9.58402","0.00832"
"24.91800","9.58450","0.00841"
"24.92400","9.58504","0.00845"
"24.93000","9.58552","0.00843"
"24.93600","9.58600","0.00846"
"24.94200","9.58653","0.00850"
"24.94800","9.58701","0.00851"
"24.95400","9.58755","0.00853"
"24.96000","9.58803","0.00852"
"24.96600","9.58851","0.00852"
"24.97200","9.58905","0.00852"
"24.97800","9.58952","0.00846"
"24.98400","9.59000","0.00845"
"24.99000","9.59054","0.00841"
"24.99600","9.59102","0.00837"
"25.00200","9.59150","0.00845"
"25.00800","9.59204","0.00859"
"25.01400","9.59251","0.00860"
"25.02000","9.59305","0.00853"
"25.02600","9.59353","0.00844"
"25.03200","9.59407","0.00831"
"25.03800","9.59455","0.00827"
"25.04400","9.59502","0.00828"
"25.05000","9.59556","0.00825"
"25.05600","9.59604","0.00825"
"25.06200","9.59652","0.00829"
"25.06800","9.59706","0.00839"
"25.07400","9.59754","0.00842"
"25.08000","9.59801","0.00845"
"25.08600","9.59849","0.00853"
"25.09200","9.59897","0.00855"
"25.09800","9.59951","0.00855"
"25.10400","9.59999","0.00863"
"25.11000","9.60046","0.00866"
"25.11600","9.60094","0.00862"
"25.12200","9.60148","0.00859"
"25.12800","9.60196","0.00858"
"25.13400","9.60250","0.00857"
"25.14000","9.60298","0.00852"
"25.14600","9.60345","0.00846"
"25.15200","9.60399","0.00839"
"25.15800","9.60447","0.00835"
"25.16400","9.60501","0.00833"
"25.17000","9.60549","0.00831"
"25.17600","9.60597","0.00824"
"25.18200","9.60644","0.00828"
"25.18800","9.60698","0.00835"
"25.19400","9.60746","0.00835"
"25.20000","9.60794","0.00833"
"25.20600","9.60848","0.00826"
"25.21200","9.60896","0.00812"
"25.21800","9.60943","0.00807"
"25.22400","9.60997","0.00807"
"25.23000","9.61045","0.00811"
"25.23600","9.61099","0.00811"
"25.24200","9.61147","0.00804"
"25.24800","9.61194","0.00805"
"25.25400","9.61248","0.00817"
"25.26000","9.61296","0.00831"
"25.26600","9.61344","0.00847"
"25.27200","9.61398","0.00857"
"25.27800","9.61446","0.00856"
"25.28400","9.61499","0.00852"
"25.29000","9.61547","0.00846"
"25.29600","9.61601","0.00843"
"25.30200","9.61649","0.00847"
"25.30800","9.61703","0.00840"
"25.31400","9.61751","0.00839"
"25.32000","9.61798","0.00852"
"25.32600","9.61852","0.00857"
"25.33200","9.61900","0.00855"
"25.33800","9.61948","0.00852"
"25.34400","9.62002","0.00848"
"25.35000","9.62049","0.00843"
"25.35600","9.62103","0.00840"
"25.36200","9.62151","0.00841"
"25.36800","9.62205","0.00854"
"25.37400","9.62253","0.00865"
"25.38000","9.62307","0.00866"
"25.38600","9.62354","0.00867"
"25.39200","9.62402","0.00856"
"25.39800","9.62456","0.00839"
"25.40400","9.62504","0.00835"
"25.41000","9.62552","0.00832"
"25.41600","9.62605","0.00829"
"25.42200","9.62653","0.00827"
"25.42800","9.62701","0.00823"
"25.43400","9.62749","0.00827"
"25.44000","9.62803","0.00837"
"25.44600","9.62851","0.00848"
"25.45200","9.62904","0.00860"
"25.45800","9.62952","0.00870"
"25.46400","9.63000","0.00873"
"25.47000","9.63054","0.00880"
"25.47600","9.63102","0.00878"
"25.48200","9.63150","0.00871"
"25.48800","9.63203","0.00864"
"25.49400","9.63251","0.00857"
"25.50000","9.63299","0.00856"
"25.50600","9.63353","0.00870"
"25.51200","9.63401","0.00881"
"25.51800","9.63455","0.00890"
"25.52400","9.63502","0.00893"
"25.53000","9.63550","0.00888"
"25.53600","9.63604","0.00885"
"25.54200","9.63652","0.00881"
"25.54800","9.63700","0.00877"
"25.55400","9.63754","0.00879"
"25.56000","9.63801","0.00873"
"25.56600","9.63849","0.00860"
"25.57200","9.63897","0.00851"
"25.57800","9.63951","0.00841"
"25.58400","9.63999","0.00843"
"25.59000","9.64052","0.00844"
"25.59600","9.64100","0.00839"
"25.60200","9.64148","0.00834"
"25.60800","9.64202","0.00827"
"25.61400","9.64250","0.00821"
"25.62000","9.64298","0.00830"
"25.62600","9.64351","0.00835"
"25.63200","9.64399","0.00832"
"25.63800","9.64447","0.00827"
"25.64400","9.64501","0.00826"
"25.65000","9.64549","0.00831"
"25.65600","9.64596","0.00838"
"25.66200","9.64650","0.00846"
"25.66800","9.64698","0.00853"
"25.67400","9.64752","0.00853"
"25.68000","9.64800","0.00846"
"25.68600","9.64848","0.00846"
"25.69200","9.64901","0.00851"
"25.69800","9.64949","0.00846"
"25.70400","9.64997","0.00834"
"25.71000","9.65045","0.00821"
"25.71600","9.65099","0.00808"
"25.72200","9.65147","0.00806"
"25.72800","9.65194","0.00813"
"25.73400","9.65248","0.00827"
"25.74000","9.65296","0.00830"
"25.74600","9.65344","0.00823"
"25.75200","9.65398","0.00822"
"25.75800","9.65446","0.00824"
"25.76400","9.65499","0.00833"
"25.77000","9.65547","0.00850"
"25.77600","9.65595","0.00857"
"25.78200","9.65649","0.00854"
"25.78800","9.65697","0.00850"
"25.79400","9.65744","0.00846"
"25.80000","9.65798","0.00853"
"25.80600","9.65846","0.00869"
"25.81200","9.65900","0.00868"
"25.81800","9.65948","0.00858"
"25.82400","9.65996","0.00847"
"25.83000","9.66049","0.00846"
"25.83600","9.66097","0.00853"
"25.84200","9.66145","0.00859"
"25.84800","9.66199","0.00864"
"25.85400","9.66247","0.00859"
"25.86000","9.66301","0.00850"
"25.86600","9.66348","0.00849"
"25.87200","9.66402","0.00847"
"25.87800","9.66450","0.00840"
"25.88400","9.66504","0.00832"
"25.89000","9.66552","0.00821"
"25.89600","9.66605","0.00819"
"25.90200","9.66653","0.00831"
"25.90800","9.66701","0.00833"
"25.91400","9.66755","0.00830"
"25.92000","9.66803","0.00834"
"25.92600","9.66857","0.00832"
"25.93200","9.66904","0.00819"
"25.93800","9.66952","0.00805"
"25.94400","9.67006","0.00801"
"25.95000","9.67054","0.00804"
"25.95600","9.67102","0.00812"
"25.96200","9.67150","0.00819"
"25.96800","9.67197","0.00839"
"25.97400","9.67251","0.00856"
"25.98000","9.67299","0.00867"
"25.98600","9.67347","0.00873"
"25.99200","9.67401","0.00863"
"25.99800","9.67449","0.00848"
"26.00400","9.67496","0.00836"
"26.01000","9.67550","0.00824"
"26.01600","9.67598","0.00824"
"26.02200","9.67652","0.00834"
"26.02800","9.67700","0.00840"
"26.03400","9.67753","0.00842"
"26.04000","9.67801","0.00836"
"26.04600","9.67855","0.00829"
"26.05200","9.67903","0.00829"
"26.05800","9.67951","0.00830"
"26.06400","9.67999","0.00830"
"26.07000","9.68052","0.00836"
"26.07600","9.68100","0.00833"
"26.08200","9.68148","0.00829"
"26.08800","9.68196","0.00832"
"26.09400","9.68250","0.00828"
"26.10000","9.68297","0.00830"
"26.10600","9.68345","0.00832"
"26.11200","9.68393","0.00838"
"26.11800","9.68447","0.00854"
"26.12400","9.68495","0.00861"
"26.13000","9.68543","0.00862"
"26.13600","9.68590","0.00871"
"26.14200","9.68644","0.00867"
"26.14800","9.68692","0.00865"
"26.15400","9.68746","0.00869"
"26.16000","9.68800","0.00866"
"26.16600","9.68848","0.00858"
"26.17200","9.68901","0.00848"
"26.17800","9.68949","0.00835"
"26.18400","9.69003","0.00821"
"26.19000","9.69051","0.00808"
"26.19600","9.69099","0.00802"
"26.20200","9.69152","0.00810"
"26.20800","9.69200","0.00818"
"26.21400","9.69248","0.00822"
"26.22000","9.69296","0.00832"
"26.22600","9.69350","0.00845"
"26.23200","9.69398","0.00858"
"26.23800","9.69445","0.00870"
"26.24400","9.69493","0.00876"
"26.25000","9.69541","0.00884"
"26.25600","9.69595","0.00890"
"26.26200","9.69643","0.00888"
"26.26800","9.69691","0.00888"
"26.27400","9.69738","0.00886"
"26.28000","9.69792","0.00881"
"26.28600","9.69840","0.00869"
"26.29200","9.69888","0.00860"
"26.29800","9.69942","0.00859"
"26.30400","9.69989","0.00863"
"26.31000","9.70043","0.00866"
"26.31600","9.70097","0.00858"
"26.32200","9.70145","0.00852"
"26.32800","9.70199","0.00844"
"26.33400","9.70247","0.00846"
"26.34000","9.70300","0.00850"
"26.34600","9.70348","0.00844"
"26.35200","9.70396","0.00842"
"26.35800","9.70444","0.00842"
"26.36400","9.70498","0.00844"
"26.37000","9.70546","0.00854"
"26.37600","9.70593","0.00858"
"26.38200","9.70647","0.00855"
"26.38800","9.70695","0.00849"
"26.39400","9.70749","0.00843"
"26.40000","9.70797","0.00840"
"26.40600","9.70845","0.00840"
"26.41200","9.70898","0.00839"
"26.41800","9.70946","0.00843"
"26.42400","9.71000","0.00845"
"26.43000","9.71048","0.00844"
"26.43600","9.71102","0.00848"
"26.44200","9.71149","0.00845"
"26.44800","9.71203","0.00846"
"26.45400","9.71251","0.00853"
"26.46000","9.71305","0.00860"
"26.46600","9.71353","0.00861"
"26.47200","9.71407","0.00859"
"26.47800","9.71454","0.00853"
"26.48400","9.71502","0.00851"
"26.49000","9.71556","0.00851"
"26.49600","9.71604","0.00844"
"26.50200","9.71652","0.00846"
"26.50800","9.71700","0.00841"
"26.51400","9.71747","0.00834"
"26.52000","9.71801","0.00843"
"26.52600","9.71849","0.00852"
"26.53200","9.71903","0.00863"
"26.53800","9.71951","0.00868"
"26.54400","9.71999","0.00874"
"26.55000","9.72052","0.00875"
"26.55600","9.72100","0.00875"
"26.56200","9.72154","0.00869"
"26.56800","9.72202","0.00868"
"26.57400","9.72250","0.00867"
"26.58000","9.72303","0.00869"
"26.58600","9.72351","0.00878"
"26.59200","9.72399","0.00886"
"26.59800","9.72453","0.00895"
"26.60400","9.72501","0.00909"
"26.61000","9.72548","0.00910"
"26.61600","9.72602","0.00903"
"26.62200","9.72650","0.00895"
"26.62800","9.72698","0.00889"
"26.63400","9.72746","0.00888"
"26.64000","9.72800","0.00887"
"26.64600","9.72847","0.00881"
"26.65200","9.72895","0.00880"
"26.65800","9.72949","0.00879"
"26.66400","9.72997","0.00870"
"26.67000","9.73045","0.00865"
"26.67600","9.73099","0.00864"
"26.68200","9.73146","0.00863"
"26.68800","9.73200","0.00862"
"26.69400","9.73248","0.00863"
"26.70000","9.73296","0.00868"
"26.70600","9.73350","0.00866"
"26.71200","9.73397","0.00855"
"26.71800","9.73445","0.00849"
"26.72400","9.73499","0.00842"
"26.73000","9.73547","0.00834"
"26.73600","9.73595","0.00834"
"26.74200","9.73649","0.00831"
"26.74800","9.73696","0.00826"
"26.75400","9.73744","0.00820"
"26.76000","9.73798","0.00816"
"26.76600","9.73846","0.00812"
"26.77200","9.73894","0.00803"
"26.77800","9.73948","0.00801"
"26.78400","9.73995","0.00812"
"26.79000","9.74049","0.00824"
"26.79600","9.74097","0.00828"
"26.80200","9.74145","0.00836"
"26.80800","9.74199","0.00835"
"26.81400","9.74247","0.00832"
"26.82000","9.74300","0.00832"
"26.82600","9.74348","0.00835"
"26.83200","9.74396","0.00839"
"26.83800","9.74444","0.00841"
"26.84400","9.74498","0.00843"
"26.85000","9.74545","0.00851"
"26.85600","9.74599","0.00857"
"26.86200","9.74647","0.00855"
"26.86800","9.74695","0.00848"
"26.87400","9.74749","0.00846"
"26.88000","9.74797","0.00846"
"26.88600","9.74850","0.00849"
"26.89200","9.74898","0.00839"
"26.89800","9.74952","0.00819"
"26.90400","9.75000","0.00809"
"26.91000","9.75048","0.00808"
"26.91600","9.75102","0.00816"
"26.92200","9.75149","0.00834"
"26.92800","9.75197","0.00845"
"26.93400","9.75251","0.00851"
"26.94000","9.75299","0.00860"
"26.94600","9.75347","0.00869"
"26.95200","9.75400","0.00882"
"26.95800","9.75448","0.00894"
"26.96400","9.75502","0.00902"
"26.97000","9.75550","0.00907"
"26.97600","9.75604","0.00907"
"26.98200","9.75652","0.00907"
"26.98800","9.75699","0.00907"
"26.99400","9.75753","0.00895"
"27.00000","9.75801","0.00880"
"27.00600","9.75849","0.00867"
"27.01200","9.75903","0.00859"
"27.01800","9.75951","0.00865"
"27.02400","9.75998","0.00864"
"27.03000","9.76052","0.00857"
"27.03600","9.76100","0.00849"
"27.04200","9.76148","0.00842"
"27.04800","9.76202","0.00845"
"27.05400","9.76250","0.00850"
"27.06000","9.76297","0.00856"
"27.06600","9.76351","0.00855"
"27.07200","9.76399","0.00850"
"27.07800","9.76447","0.00851"
"27.08400","9.76501","0.00857"
"27.09000","9.76548","0.00857"
"27.09600","9.76602","0.00856"
"27.10200","9.76650","0.00858"
"27.10800","9.76704","0.00862"
"27.11400","9.76752","0.00859"
"27.12000","9.76805","0.00864"
"27.12600","9.76853","0.00877"
"27.13200","9.76901","0.00881"
"27.13800","9.76955","0.00867"
"27.14400","9.77003","0.00846"
"27.15000","9.77051","0.00837"
"27.15600","9.77098","0.00831"
"27.16200","9.77152","0.00833"
"27.16800","9.77200","0.00852"
"27.17400","9.77248","0.00866"
"27.18000","9.77302","0.00874"
"27.18600","9.77350","0.00878"
"27.19200","9.77397","0.00881"
"27.19800","9.77451","0.00879"
"27.20400","9.77499","0.00873"
"27.21000","9.77547","0.00862"
"27.21600","9.77601","0.00854"
"27.22200","9.77649","0.00842"
"27.22800","9.77696","0.00836"
"27.23400","9.77750","0.00845"
"27.24000","9.77798","0.00856"
"27.24600","9.77846","0.00851"
"27.25200","9.77900","0.00847"
"27.25800","9.77947","0.00848"
"27.26400","9.77995","0.00846"
"27.27000","9.78043","0.00852"
"27.27600","9.78097","0.00858"
"27.28200","9.78145","0.00855"
"27.28800","9.78193","0.00847"
"27.29400","9.78246","0.00832"
"27.30000","9.78294","0.00828"
"27.30600","9.78342","0.00835"
"27.31200","9.78396","0.00844"
"27.31800","9.78444","0.00855"
"27.32400","9.78491","0.00859"
"27.33000","9.78545","0.00862"
"27.33600","9.78593","0.00865"
"27.34200","9.78641","0.00864"
"27.34800","9.78695","0.00860"
"27.35400","9.78743","0.00855"
"27.36000","9.78790","0.00845"
"27.36600","9.78844","0.00838"
"27.37200","9.78892","0.00836"
"27.37800","9.78946","0.00839"
"27.38400","9.78994","0.00841"
"27.39000","9.79048","0.00837"
"27.39600","9.79096","0.00830"
"27.40200","9.79149","0.00825"
"27.40800","9.79197","0.00821"
"27.41400","9.79245","0.00830"
"27.42000","9.79299","0.00838"
"27.42600","9.79347","0.00840"
"27.43200","9.79394","0.00839"
"27.43800","9.79448","0.00838"
"27.44400","9.79496","0.00837"
"27.45000","9.79550","0.00842"
"27.45600","9.79598","0.00847"
"27.46200","9.79652","0.00846"
"27.46800","9.79699","0.00845"
"27.47400","9.79753","0.00844"
"27.48000","9.79801","0.00842"
"27.48600","9.79855","0.00852"
"27.49200","9.79903","0.00856"
"27.49800","9.79950","0.00857"
"27.50400","9.80004","0.00856"
"27.51000","9.80052","0.00849"
"27.51600","9.80100","0.00842"
"27.52200","9.80154","0.00841"
"27.52800","9.80202","0.00839"
"27.53400","9.80249","0.00843"
"27.54000","9.80303","0.00846"
"27.54600","9.80351","0.00848"
"27.55200","9.80399","0.00841"
"27.55800","9.80447","0.00842"
"27.56400","9.80494","0.00840"
"27.57000","9.80548","0.00844"
"27.57600","9.80596","0.00843"
"27.58200","9.80650","0.00839"
"27.58800","9.80698","0.00842"
"27.59400","9.80752","0.00849"
"27.60000","9.80799","0.00858"
"27.60600","9.80853","0.00865"
"27.61200","9.80901","0.00865"
"27.61800","9.80949","0.00874"
"27.62400","9.81003","0.00877"
"27.63000","9.81051","0.00877"
"27.63600","9.81098","0.00874"
"27.64200","9.81146","0.00877"
"27.64800","9.81200","0.00882"
"27.65400","9.81248","0.00884"
"27.66000","9.81296","0.00879"
"27.66600","9.81349","0.00882"
"27.67200","9.81397","0.00883"
"27.67800","9.81451","0.00874"
"27.68400","9.81499","0.00869"
"27.69000","9.81547","0.00866"
"27.69600","9.81601","0.00856"
"27.70200","9.81648","0.00847"
"27.70800","9.81696","0.00844"
"27.71400","9.81750","0.00833"
"27.72000","9.81798","0.00824"
"27.72600","9.81846","0.00828"
"27.73200","9.81900","0.00841"
"27.73800","9.81947","0.00855"
"27.74400","9.82001","0.00865"
"27.75000","9.82049","0.00871"
"27.75600","9.82103","0.00877"
"27.76200","9.82151","0.00877"
"27.76800","9.82205","0.00879"
"27.77400","9.82252","0.00879"
"27.78000","9.82300","0.00876"
"27.78600","9.82354","0.00882"
"27.79200","9.82402","0.00883"
"27.79800","9.82450","0.00876"
"27.80400","9.82497","0.00866"
"27.81000","9.82545","0.00860"
"27.81600","9.82599","0.00858"
"27.82200","9.82647","0.00864"
"27.82800","9.82695","0.00865"
"27.83400","9.82749","0.00868"
"27.84000","9.82796","0.00868"
"27.84600","9.82844","0.00867"
"27.85200","9.82892","0.00865"
"27.85800","9.82946","0.00861"
"27.86400","9.82994","0.00860"
"27.87000","9.83042","0.00865"
"27.87600","9.83095","0.00863"
"27.88200","9.83143","0.00867"
"27.88800","9.83197","0.00877"
"27.89400","9.83245","0.00879"
"27.90000","9.83299","0.00878"
"27.90600","9.83346","0.00872"
"27.91200","9.83400","0.00863"
"27.91800","9.83448","0.00861"
"27.92400","9.83496","0.00862"
"27.93000","9.83550","0.00860"
"27.93600","9.83598","0.00853"
"27.94200","9.83645","0.00851"
"27.94800","9.83693","0.00856"
"27.95400","9.83747","0.00871"
"27.96000","9.83795","0.00871"
"27.96600","9.83843","0.00865"
"27.97200","9.83897","0.00855"
"27.97800","9.83944","0.00842"
"27.98400","9.83998","0.00839"
"27.99000","9.84046","0.00839"
"27.99600","9.84094","0.00835"
"28.00200","9.84148","0.00833"
"28.00800","9.84196","0.00827"
"28.01400","9.84249","0.00815"
"28.02000","9.84297","0.00818"
"28.02600","9.84351","0.00822"
"28.03200","9.84399","0.00826"
"28.03800","9.84453","0.00830"
"28.04400","9.84500","0.00831"
"28.05000","9.84554","0.00834"
"28.05600","9.84602","0.00840"
"28.06200","9.84656","0.00852"
"28.06800","9.84704","0.00866"
"28.07400","9.84758","0.00864"
"28.08000","9.84805","0.00857"
"28.08600","9.84853","0.00858"
"28.09200","9.84901","0.00859"
"28.09800","9.84949","0.00857"
"28.10400","9.85003","0.00855"
"28.11000","9.85050","0.00847"
"28.11600","9.85098","0.00838"
"28.12200","9.85146","0.00833"
"28.12800","9.85200","0.00833"
"28.13400","9.85248","0.00845"
"28.14000","9.85296","0.00850"
"28.14600","9.85349","0.00849"
"28.15200","9.85397","0.00850"
"28.15800","9.85451","0.00851"
"28.16400","9.85499","0.00849"
"28.17000","9.85553","0.00847"
"28.17600","9.85601","0.00851"
"28.18200","9.85654","0.00863"
"28.18800","9.85702","0.00873"
"28.19400","9.85756","0.00878"
"28.20000","9.85804","0.00880"
"28.20600","9.85858","0.00884"
"28.21200","9.85906","0.00879"
"28.21800","9.85953","0.00874"
"28.22400","9.86007","0.00871"
"28.23000","9.86055","0.00867"
"28.23600","9.86103","0.00871"
"28.24200","9.86151","0.00871"
"28.24800","9.86205","0.00866"
"28.25400","9.86252","0.00863"
"28.26000","9.86300","0.00855"
"28.26600","9.86348","0.00848"
"28.27200","9.86396","0.00848"
"28.27800","9.86444","0.00846"
"28.28400","9.86497","0.00841"
"28.29000","9.86545","0.00838"
"28.29600","9.86593","0.00834"
"28.30200","9.86647","0.00836"
"28.30800","9.86695","0.00837"
"28.31400","9.86749","0.00838"
"28.32000","9.86796","0.00835"
"28.32600","9.86850","0.00832"
"28.33200","9.86898","0.00835"
"28.33800","9.86952","0.00841"
"28.34400","9.87000","0.00846"
"28.35000","9.87047","0.00859"
"28.35600","9.87095","0.00873"
"28.36200","9.87143","0.00874"
"28.36800","9.87191","0.00871"
"28.37400","9.87245","0.00863"
"28.38000","9.87293","0.00855"
"28.38600","9.87340","0.00848"
"28.39200","9.87388","0.00845"
"28.39800","9.87442","0.00846"
"28.40400","9.87490","0.00851"
"28.41000","9.87538","0.00854"
"28.41600","9.87592","0.00858"
"28.42200","9.87639","0.00864"
"28.42800","9.87687","0.00864"
"28.43400","9.87741","0.00868"
"28.44000","9.87789","0.00870"
"28.44600","9.87843","0.00867"
"28.45200","9.87891","0.00871"
"28.45800","9.87944","0.00880"
"28.46400","9.87992","0.00893"
"28.47000","9.88046","0.00899"
"28.47600","9.88100","0.00900"
"28.48200","9.88148","0.00898"
"28.48800","9.88201","0.00898"
"28.49400","9.88249","0.00886"
"28.50000","9.88303","0.00875"
"28.50600","9.88351","0.00868"
"28.51200","9.88399","0.00859"
"28.51800","9.88447","0.00852"
"28.52400","9.88500","0.00855"
"28.53000","9.88548","0.00854"
"28.53600","9.88596","0.00850"
"28.54200","9.88650","0.00840"
"28.54800","9.88698","0.00840"
"28.55400","9.88745","0.00849"
"28.56000","9.88799","0.00856"
"28.56600","9.88847","0.00863"
"28.57200","9.88895","0.00862"
"28.57800","9.88949","0.00853"
"28.58400","9.88997","0.00845"
"28.59000","9.89050","0.00846"
"28.59600","9.89098","0.00850"
"28.60200","9.89152","0.00856"
"28.60800","9.89200","0.00864"
"28.61400","9.89254","0.00870"
"28.62000","9.89301","0.00882"
"28.62600","9.89355","0.00890"
"28.63200","9.89403","0.00890"
"28.63800","9.89457","0.00877"
"28.64400","9.89505","0.00864"
"28.65000","9.89553","0.00856"
"28.65600","9.89600","0.00852"
"28.66200","9.89648","0.00851"
"28.66800","9.89702","0.00860"
"28.67400","9.89750","0.00856"
"28.68000","9.89798","0.00848"
"28.68600","9.89852","0.00846"
"28.69200","9.89899","0.00846"
"28.69800","9.89947","0.00847"
"28.70400","9.90001","0.00858"
"28.71000","9.90049","0.00854"
"28.71600","9.90103","0.00850"
"28.72200","9.90151","0.00855"
"28.72800","9.90198","0.00860"
"28.73400","9.90252","0.00871"
"28.74000","9.90300","0.00885"
"28.74600","9.90354","0.00887"
"28.75200","9.90402","0.00882"
"28.75800","9.90456","0.00873"
"28.76400","9.90503","0.00863"
"28.77000","9.90557","0.00858"
"28.77600","9.90605","0.00848"
"28.78200","9.90653","0.00835"
"28.78800","9.90701","0.00830"
"28.79400","9.90754","0.00824"
"28.80000","9.90802","0.00823"
"28.80600","9.90850","0.00825"
"28.81200","9.90898","0.00829"
"28.81800","9.90952","0.00835"
"28.82400","9.91000","0.00853"
"28.83000","9.91047","0.00864"
"28.83600","9.91101","0.00869"
"28.84200","9.91149","0.00865"
"28.84800","9.91197","0.00861"
"28.85400","9.91245","0.00857"
"28.86000","9.91298","0.00849"
"28.86600","9.91346","0.00842"
"28.87200","9.91394","0.00839"
"28.87800","9.91448","0.00836"
"28.88400","9.91496","0.00832"
"28.89000","9.91549","0.00839"
"28.89600","9.91597","0.00843"
"28.90200","9.91645","0.00854"
"28.90800","9.91699","0.00862"
"28.91400","9.91747","0.00857"
"28.92000","9.91795","0.00854"
"28.92600","9.91843","0.00853"
"28.93200","9.91896","0.00858"
"28.93800","9.91944","0.00860"
"28.94400","9.91992","0.00857"
"28.95000","9.92040","0.00858"
"28.95600","9.92094","0.00864"
"28.96200","9.92142","0.00865"
"28.96800","9.92195","0.00865"
"28.97400","9.92243","0.00867"
"28.98000","9.92297","0.00869"
"28.98600","9.92345","0.00880"
"28.99200","9.92393","0.00883"
"28.99800","9.92446","0.00884"
"29.00400","9.92494","0.00883"
"29.01000","9.92548","0.00877"
"29.01600","9.92596","0.00875"
"29.02200","9.92644","0.00875"
"29.02800","9.92698","0.00883"
"29.03400","9.92745","0.00882"
"29.04000","9.92799","0.00876"
"29.04600","9.92847","0.00860"
"29.05200","9.92901","0.00852"
"29.05800","9.92949","0.00841"
"29.06400","9.93002","0.00838"
"29.07000","9.93050","0.00842"
"29.07600","9.93098","0.00843"
"29.08200","9.93152","0.00840"
"29.08800","9.93200","0.00843"
"29.09400","9.93254","0.00841"
"29.10000","9.93301","0.00839"
"29.10600","9.93355","0.00837"
"29.11200","9.93403","0.00830"
"29.11800","9.93457","0.00825"
"29.12400","9.93505","0.00825"
"29.13000","9.93553","0.00831"
"29.13600","9.93606","0.00840"
"29.14200","9.93654","0.00845"
"29.14800","9.93702","0.00846"
"29.15400","9.93756","0.00845"
"29.16000","9.93804","0.00851"
"29.16600","9.93851","0.00859"
"29.17200","9.93905","0.00858"
"29.17800","9.93953","0.00848"
"29.18400","9.94001","0.00841"
"29.19000","9.94055","0.00834"
"29.19600","9.94103","0.00826"
"29.20200","9.94150","0.00834"
"29.20800","9.94198","0.00841"
"29.21400","9.94252","0.00845"
"29.22000","9.94300","0.00853"
"29.22600","9.94348","0.00857"
"29.23200","9.94402","0.00865"
"29.23800","9.94449","0.00877"
"29.24400","9.94503","0.00882"
"29.25000","9.94551","0.00882"
"29.25600","9.94599","0.00887"
"29.26200","9.94653","0.00888"
"29.26800","9.94701","0.00894"
"29.27400","9.94754","0.00898"
"29.28000","9.94802","0.00897"
"29.28600","9.94850","0.00884"
"29.29200","9.94904","0.00868"
"29.29800","9.94952","0.00848"
"29.30400","9.95000","0.00843"
"29.31000","9.95053","0.00846"
"29.31600","9.95101","0.00852"
"29.32200","9.95149","0.00863"
"29.32800","9.95203","0.00864"
"29.33400","9.95251","0.00862"
"29.34000","9.95298","0.00858"
"29.34600","9.95346","0.00848"
"29.35200","9.95400","0.00844"
"29.35800","9.95448","0.00840"
"29.36400","9.95502","0.00839"
"29.37000","9.95549","0.00845"
"29.37600","9.95597","0.00844"
"29.38200","9.95651","0.00850"
"29.38800","9.95699","0.00858"
"29.39400","9.95747","0.00860"
"29.40000","9.95801","0.00860"
"29.40600","9.95848","0.00868"
"29.41200","9.95902","0.00865"
"29.41800","9.95950","0.00859"
"29.42400","9.95998","0.00849"
"29.43000","9.96052","0.00843"
"29.43600","9.96100","0.00845"
"29.44200","9.96147","0.00841"
"29.44800","9.96201","0.00840"
"29.45400","9.96249","0.00846"
"29.46000","9.96297","0.00851"
"29.46600","9.96345","0.00859"
"29.47200","9.96399","0.00866"
"29.47800","9.96446","0.00871"
"29.48400","9.96494","0.00868"
"29.49000","9.96542","0.00867"
"29.49600","9.96590","0.00877"
"29.50200","9.96644","0.00894"
"29.50800","9.96692","0.00905"
"29.51400","9.96739","0.00903"
"29.52000","9.96793","0.00895"
"29.52600","9.96841","0.00883"
"29.53200","9.96889","0.00876"
"29.53800","9.96943","0.00878"
"29.54400","9.96990","0.00868"
"29.55000","9.97044","0.00858"
"29.55600","9.97092","0.00852"
"29.56200","9.97146","0.00846"
"29.56800","9.97194","0.00848"
"29.57400","9.97248","0.00851"
"29.58000","9.97295","0.00852"
"29.58600","9.97343","0.00860"
"29.59200","9.97397","0.00862"
"29.59800","9.97445","0.00868"
"29.60400","9.97499","0.00879"
"29.61000","9.97546","0.00877"
"29.61600","9.97600","0.00872"
"29.62200","9.97648","0.00872"
"29.62800","9.97702","0.00870"
"29.63400","9.97750","0.00875"
"29.64000","9.97798","0.00882"
"29.64600","9.97851","0.00882"
"29.65200","9.97899","0.00883"
"29.65800","9.97947","0.00887"
"29.66400","9.98001","0.00887"
"29.67000","9.98049","0.00886"
"29.67600","9.98103","0.00876"
"29.68200","9.98150","0.00859"
"29.68800","9.98204","0.00845"
"29.69400","9.98252","0.00836"
"29.70000","9.98306","0.00830"
"29.70600","9.98354","0.00836"
"29.71200","9.98402","0.00846"
"29.71800","9.98449","0.00862"
"29.72400","9.98503","0.00874"
"29.73000","9.98551","0.00882"
"29.73600","9.98599","0.00894"
"29.74200","9.98653","0.00895"
"29.74800","9.98701","0.00889"
"29.75400","9.98754","0.00882"
"29.76000","9.98802","0.00873"
"29.76600","9.98856","0.00874"
"29.77200","9.98904","0.00876"
"29.77800","9.98952","0.00872"
"29.78400","9.99005","0.00871"
"29.79000","9.99053","0.00863"
"29.79600","9.99101","0.00856"
"29.80200","9.99149","0.00855"
"29.80800","9.99203","0.00856"
"29.81400","9.99251","0.00854"
"29.82000","9.99298","0.00861"
"29.82600","9.99352","0.00867"
"29.83200","9.99400","0.00869"
"29.83800","9.99454","0.00873"
"29.84400","9.99502","0.00874"
"29.85000","9.99549","0.00876"
"29.85600","9.99597","0.00878"
"29.86200","9.99651","0.00875"
"29.86800","9.99699","0.00872"
"29.87400","9.99747","0.00865"
"29.88000","9.99800","0.00866"
"29.88600","9.99848","0.00873"
"29.89200","9.99896","0.00870"
"29.89800","9.99950","0.00864"
"29.90400","10.00004","0.00863"
"29.91000","10.00052","0.00864"
"29.91600","10.00099","0.00866"
"29.92200","10.00153","0.00872"
"29.92800","10.00201","0.00867"
"29.93400","10.00249","0.00862"
"29.94000","10.00303","0.00859"
"29.94600","10.00351","0.00855"
"29.95200","10.00398","0.00853"
"29.95800","10.00446","0.00853"
"29.96400","10.00500","0.00849"
"29.97000","10.00548","0.00841"
"29.97600","10.00596","0.00833"
"29.98200","10.00649","0.00834"
"29.98800","10.00697","0.00846"
"29.99400","10.00745","0.00855"
"30.00000","10.00799","0.00865"
"30.00600","10.00847","0.00872"
"30.01200","10.00895","0.00868"
"30.01800","10.00948","0.00865"
"30.02400","10.00996","0.00858"
"30.03000","10.01044","0.00853"
"30.03600","10.01098","0.00851"
"30.04200","10.01146","0.00840"
"30.04800","10.01200","0.00831"
"30.05400","10.01247","0.00827"
"30.06000","10.01301","0.00828"
"30.06600","10.01349","0.00838"
"30.07200","10.01397","0.00849"
"30.07800","10.01451","0.00853"
"30.08400","10.01499","0.00854"
"30.09000","10.01546","0.00854"
"30.09600","10.01594","0.00848"
"30.10200","10.01648","0.00852"
"30.10800","10.01696","0.00856"
"30.11400","10.01744","0.00858"
"30.12000","10.01792","0.00870"
"30.12600","10.01845","0.00873"
"30.13200","10.01893","0.00879"
"30.13800","10.01941","0.00887"
"30.14400","10.01995","0.00890"
"30.15000","10.02043","0.00888"
"30.15600","10.02096","0.00882"
"30.16200","10.02144","0.00873"
"30.16800","10.02198","0.00871"
"30.17400","10.02246","0.00876"
"30.18000","10.02300","0.00883"
"30.18600","10.02348","0.00890"
"30.19200","10.02401","0.00878"
"30.19800","10.02455","0.00860"
"30.20400","10.02503","0.00855"
"30.21000","10.02557","0.00851"
"30.21600","10.02605","0.00846"
"30.22200","10.02659","0.00848"
"30.22800","10.02706","0.00847"
"30.23400","10.02754","0.00847"
"30.24000","10.02802","0.00851"
"30.24600","10.02850","0.00858"
"30.25200","10.02904","0.00871"
"30.25800","10.02952","0.00874"
"30.26400","10.02999","0.00876"
"30.27000","10.03047","0.00888"
"30.27600","10.03095","0.00897"
"30.28200","10.03149","0.00897"
"30.28800","10.03197","0.00892"
"30.29400","10.03244","0.00878"
"30.30000","10.03298","0.00871"
"30.30600","10.03346","0.00871"
"30.31200","10.03400","0.00875"
"30.31800","10.03448","0.00885"
"30.32400","10.03502","0.00884"
"30.33000","10.03549","0.00872"
"30.33600","10.03603","0.00868"
"30.34200","10.03651","0.00865"
"30.34800","10.03705","0.00857"
"30.35400","10.03753","0.00853"
"30.36000","10.03800","0.00850"
"30.36600","10.03848","0.00852"
"30.37200","10.03902","0.00858"
"30.37800","10.03950","0.00865"
"30.38400","10.04004","0.00879"
"30.39000","10.04051","0.00893"
"30.39600","10.04099","0.00895"
"30.40200","10.04147","0.00897"
"30.40800","10.04201","0.00889"
"30.41400","10.04249","0.00881"
"30.42000","10.04297","0.00880"
"30.42600","10.04345","0.00877"
"30.43200","10.04398","0.00880"
"30.43800","10.04446","0.00887"
"30.44400","10.04494","0.00887"
"30.45000","10.04548","0.00888"
"30.45600","10.04596","0.00897"
"30.46200","10.04649","0.00903"
"30.46800","10.04697","0.00905"
"30.47400","10.04745","0.00895"
"30.48000","10.04799","0.00888"
"30.48600","10.04847","0.00891"
"30.49200","10.04895","0.00894"
"30.49800","10.04943","0.00895"
"30.50400","10.04996","0.00886"
"30.51000","10.05044","0.00869"
"30.51600","10.05092","0.00859"
"30.52200","10.05140","0.00863"
"30.52800","10.05194","0.00868"
"30.53400","10.05241","0.00871"
"30.54000","10.05289","0.00862"
"30.54600","10.05343","0.00851"
"30.55200","10.05391","0.00840"
"30.55800","10.05439","0.00830"
"30.56400","10.05493","0.00825"
"30.57000","10.05540","0.00834"
"30.57600","10.05588","0.00841"
"30.58200","10.05642","0.00849"
"30.58800","10.05690","0.00857"
"30.59400","10.05744","0.00852"
"30.60000","10.05791","0.00843"
"30.60600","10.05839","0.00840"
"30.61200","10.05893","0.00839"
"30.61800","10.05947","0.00841"
"30.62400","10.05995","0.00843"
"30.63000","10.06049","0.00853"
"30.63600","10.06096","0.00869"
"30.64200","10.06150","0.00882"
"30.64800","10.06198","0.00882"
"30.65400","10.06246","0.00877"
"30.66000","10.06300","0.00870"
"30.66600","10.06347","0.00866"
"30.67200","10.06395","0.00871"
"30.67800","10.06449","0.00877"
"30.68400","10.06497","0.00881"
"30.69000","10.06545","0.00882"
"30.69600","10.06599","0.00881"
"30.70200","10.06646","0.00886"
"30.70800","10.06694","0.00887"
"30.71400","10.06748","0.00880"
"30.72000","10.06796","0.00884"
"30.72600","10.06844","0.00885"
"30.73200","10.06898","0.00879"
"30.73800","10.06945","0.00873"
"30.74400","10.06999","0.00878"
"30.75000","10.07047","0.00885"
"30.75600","10.07095","0.00885"
"30.76200","10.07149","0.00878"
"30.76800","10.07197","0.00873"
"30.77400","10.07250","0.00871"
"30.78000","10.07298","0.00872"
"30.78600","10.07352","0.00880"
"30.79200","10.07400","0.00881"
"30.79800","10.07448","0.00876"
"30.80400","10.07495","0.00870"
"30.81000","10.07549","0.00855"
"30.81600","10.07597","0.00850"
"30.82200","10.07651","0.00859"
"30.82800","10.07699","0.00860"
"30.83400","10.07747","0.00861"
"30.84000","10.07794","0.00863"
"30.84600","10.07848","0.00866"
"30.85200","10.07896","0.00868"
"30.85800","10.07950","0.00865"
"30.86400","10.07998","0.00862"
"30.87000","10.08045","0.00865"
"30.87600","10.08099","0.00864"
"30.88200","10.08147","0.00859"
"30.88800","10.08201","0.00852"
"30.89400","10.08249","0.00839"
"30.90000","10.08297","0.00829"
"30.90600","10.08350","0.00827"
"30.91200","10.08398","0.00831"
"30.91800","10.08446","0.00850"
"30.92400","10.08500","0.00869"
"30.93000","10.08548","0.00874"
"30.93600","10.08596","0.00876"
"30.94200","10.08649","0.00881"
"30.94800","10.08697","0.00889"
"30.95400","10.08745","0.00903"
"30.96000","10.08799","0.00911"
"30.96600","10.08847","0.00916"
"30.97200","10.08894","0.00920"
"30.97800","10.08948","0.00911"
"30.98400","10.08996","0.00906"
"30.99000","10.09044","0.00905"
"30.99600","10.09098","0.00903"
"31.00200","10.09146","0.00899"
"31.00800","10.09193","0.00895"
"31.01400","10.09241","0.00892"
"31.02000","10.09295","0.00887"
"31.02600","10.09343","0.00887"
"31.03200","10.09397","0.00898"
"31.03800","10.09445","0.00905"
"31.04400","10.09492","0.00907"
"31.05000","10.09546","0.00899"
"31.05600","10.09594","0.00892"
"31.06200","10.09648","0.00888"
"31.06800","10.09696","0.00882"
"31.07400","10.09744","0.00874"
"31.08000","10.09797","0.00863"
"31.08600","10.09845","0.00857"
"31.09200","10.09893","0.00857"
"31.09800","10.09947","0.00855"
"31.10400","10.09995","0.00867"
"31.11000","10.10042","0.00872"
"31.11600","10.10090","0.00877"
"31.12200","10.10144","0.00873"
"31.12800","10.10192","0.00860"
"31.13400","10.10240","0.00850"
"31.14000","10.10288","0.00846"
"31.14600","10.10336","0.00846"
"31.15200","10.10389","0.00852"
"31.15800","10.10437","0.00857"
"31.16400","10.10491","0.00856"
"31.17000","10.10539","0.00859"
"31.17600","10.10593","0.00859"
"31.18200","10.10640","0.00856"
"31.18800","10.10694","0.00852"
"31.19400","10.10748","0.00849"
"31.20000","10.10796","0.00850"
"31.20600","10.10850","0.00853"
"31.21200","10.10898","0.00857"
"31.21800","10.10951","0.00862"
"31.22400","10.10999","0.00861"
"31.23000","10.11053","0.00860"
"31.23600","10.11101","0.00869"
"31.24200","10.11155","0.00883"
"31.24800","10.11203","0.00891"
"31.25400","10.11250","0.00890"
"31.26000","10.11304","0.00890"
"31.26600","10.11352","0.00884"
"31.27200","10.11406","0.00877"
"31.27800","10.11454","0.00875"
"31.28400","10.11501","0.00875"
"31.29000","10.11555","0.00868"
"31.29600","10.11603","0.00858"
"31.30200","10.11651","0.00860"
"31.30800","10.11705","0.00863"
"31.31400","10.11753","0.00865"
"31.32000","10.11800","0.00872"
"31.32600","10.11854","0.00870"
"31.33200","10.11902","0.00863"
"31.33800","10.11956","0.00857"
"31.34400","10.12004","0.00857"
"31.35000","10.12051","0.00866"
"31.35600","10.12105","0.00877"
"31.36200","10.12153","0.00886"
"31.36800","10.12201","0.00897"
"31.37400","10.12255","0.00896"
"31.38000","10.12303","0.00883"
"31.38600","10.12350","0.00871"
"31.39200","10.12398","0.00861"
"31.39800","10.12452","0.00855"
"31.40400","10.12500","0.00846"
"31.41000","10.12548","0.00831"
"31.41600","10.12601","0.00827"
"31.42200","10.12649","0.00820"
"31.42800","10.12697","0.00823"
"31.43400","10.12745","0.00833"
"31.44000","10.12799","0.00838"
"31.44600","10.12847","0.00837"
"31.45200","10.12900","0.00845"
"31.45800","10.12948","0.00856"
"31.46400","10.12996","0.00862"
"31.47000","10.13050","0.00870"
"31.47600","10.13104","0.00863"
"31.48200","10.13151","0.00855"
"31.48800","10.13205","0.00859"
"31.49400","10.13253","0.00858"
"31.50000","10.13307","0.00863"
"31.50600","10.13355","0.00871"
"31.51200","10.13403","0.00871"
"31.51800","10.13456","0.00868"
"31.52400","10.13504","0.00863"
"31.53000","10.13552","0.00860"
"31.53600","10.13600","0.00862"
"31.54200","10.13648","0.00865"
"31.54800","10.13702","0.00868"
"31.55400","10.13749","0.00871"
"31.56000","10.13797","0.00869"
"31.56600","10.13845","0.00873"
"31.57200","10.13899","0.00882"
"31.57800","10.13947","0.00885"
"31.58400","10.13995","0.00887"
"31.59000","10.14048","0.00885"
"31.59600","10.14096","0.00874"
"31.60200","10.14144","0.00870"
"31.60800","10.14198","0.00866"
"31.61400","10.14246","0.00862"
"31.62000","10.14299","0.00870"
"31.62600","10.14347","0.00867"
"31.63200","10.14395","0.00862"
"31.63800","10.14449","0.00860"
"31.64400","10.14497","0.00863"
"31.65000","10.14551","0.00862"
"31.65600","10.14598","0.00857"
"31.66200","10.14646","0.00849"
"31.66800","10.14694","0.00853"
"31.67400","10.14748","0.00856"
"31.68000","10.14796","0.00855"
"31.68600","10.14844","0.00850"
"31.69200","10.14891","0.00837"
"31.69800","10.14945","0.00827"
"31.70400","10.14993","0.00831"
"31.71000","10.15041","0.00832"
"31.71600","10.15095","0.00840"
"31.72200","10.15143","0.00855"
"31.72800","10.15196","0.00863"
"31.73400","10.15244","0.00866"
"31.74000","10.15292","0.00863"
"31.74600","10.15346","0.00864"
"31.75200","10.15394","0.00869"
"31.75800","10.15448","0.00865"
"31.76400","10.15495","0.00856"
"31.77000","10.15549","0.00850"
"31.77600","10.15603","0.00847"
"31.78200","10.15651","0.00844"
"31.78800","10.15699","0.00835"
"31.79400","10.15753","0.00824"
"31.80000","10.15800","0.00823"
"31.80600","10.15854","0.00827"
"31.81200","10.15902","0.00833"
"31.81800","10.15950","0.00853"
"31.82400","10.15998","0.00875"
"31.83000","10.16051","0.00878"
"31.83600","10.16099","0.00878"
"31.84200","10.16147","0.00871"
"31.84800","10.16201","0.00863"
"31.85400","10.16249","0.00863"
"31.86000","10.16297","0.00861"
"31.86600","10.16344","0.00857"
"31.87200","10.16398","0.00847"
"31.87800","10.16446","0.00835"
"31.88400","10.16494","0.00832"
"31.89000","10.16547","0.00832"
"31.89600","10.16595","0.00831"
"31.90200","10.16649","0.00834"
"31.90800","10.16697","0.00838"
"31.91400","10.16751","0.00839"
"31.92000","10.16799","0.00846"
"31.92600","10.16853","0.00856"
"31.93200","10.16900","0.00865"
"31.93800","10.16954","0.00874"
"31.94400","10.17002","0.00866"
"31.95000","10.17050","0.00853"
"31.95600","10.17098","0.00844"
"31.96200","10.17151","0.00842"
"31.96800","10.17199","0.00848"
"31.97400","10.17247","0.00851"
"31.98000","10.17301","0.00844"
"31.98600","10.17349","0.00838"
"31.99200","10.17397","0.00836"
"31.99800","10.17450","0.00843"
"32.00400","10.17498","0.00857"
"32.01000","10.17546","0.00873"
"32.01600","10.17600","0.00885"
"32.02200","10.17648","0.00887"
"32.02800","10.17696","0.00885"
"32.03400","10.17749","0.00887"
"32.04000","10.17797","0.00885"
"32.04600","10.17845","0.00867"
"32.05200","10.17899","0.00847"
"32.05800","10.17953","0.00837"
"32.06400","10.18000","0.00831"
"32.07000","10.18054","0.00827"
"32.07600","10.18102","0.00819"
"32.08200","10.18150","0.00812"
"32.08800","10.18204","0.00813"
"32.09400","10.18252","0.00818"
"32.10000","10.18299","0.00835"
"32.10600","10.18347","0.00854"
"32.11200","10.18395","0.00865"
"32.11800","10.18443","0.00872"
"32.12400","10.18497","0.00871"
"32.13000","10.18545","0.00871"
"32.13600","10.18592","0.00870"
"32.14200","10.18646","0.00873"
"32.14800","10.18694","0.00872"
"32.15400","10.18742","0.00873"
"32.16000","10.18796","0.00871"
"32.16600","10.18844","0.00877"
"32.17200","10.18891","0.00884"
"32.17800","10.18945","0.00885"
"32.18400","10.18993","0.00879"
"32.19000","10.19041","0.00871"
"32.19600","10.19095","0.00862"
"32.20200","10.19142","0.00865"
"32.20800","10.19196","0.00868"
"32.21400","10.19244","0.00867"
"32.22000","10.19298","0.00870"
"32.22600","10.19346","0.00872"
"32.23200","10.19400","0.00866"
"32.23800","10.19447","0.00861"
"32.24400","10.19495","0.00852"
"32.25000","10.19543","0.00849"
"32.25600","10.19591","0.00851"
"32.26200","10.19645","0.00848"
"32.26800","10.19693","0.00844"
"32.27400","10.19740","0.00839"
"32.28000","10.19794","0.00833"
"32.28600","10.19842","0.00842"
"32.29200","10.19890","0.00849"
"32.29800","10.19944","0.00847"
"32.30400","10.19991","0.00843"
"32.31000","10.20045","0.00840"
"32.31600","10.20093","0.00834"
"32.32200","10.20147","0.00836"
"32.32800","10.20195","0.00835"
"32.33400","10.20243","0.00835"
"32.34000","10.20296","0.00830"
"32.34600","10.20344","0.00828"
"32.35200","10.20398","0.00840"
"32.35800","10.20452","0.00860"
"32.36400","10.20500","0.00874"
"32.37000","10.20548","0.00884"
"32.37600","10.20601","0.00877"
"32.38200","10.20649","0.00864"
"32.38800","10.20697","0.00869"
"32.39400","10.20751","0.00883"
"32.40000","10.20799","0.00894"
"32.40600","10.20847","0.00899"
"32.41200","10.20894","0.00892"
"32.41800","10.20948","0.00883"
"32.42400","10.20996","0.00881"
"32.43000","10.21044","0.00884"
"32.43600","10.21097","0.00887"
"32.44200","10.21145","0.00883"
"32.44800","10.21199","0.00877"
"32.45400","10.21247","0.00874"
"32.46000","10.21301","0.00869"
"32.46600","10.21349","0.00868"
"32.47200","10.21396","0.00872"
"32.47800","10.21450","0.00874"
"32.48400","10.21498","0.00874"
"32.49000","10.21552","0.00871"
"32.49600","10.21606","0.00863"
"32.50200","10.21654","0.00866"
"32.50800","10.21707","0.00868"
"32.51400","10.21755","0.00864"
"32.52000","10.21803","0.00863"
"32.52600","10.21857","0.00855"
"32.53200","10.21905","0.00847"
"32.53800","10.21953","0.00840"
"32.54400","10.22000","0.00834"
"32.55000","10.22048","0.00841"
"32.55600","10.22096","0.00845"
"32.56200","10.22150","0.00842"
"32.56800","10.22198","0.00846"
"32.57400","10.22246","0.00857"
"32.58000","10.22299","0.00865"
"32.58600","10.22347","0.00867"
"32.59200","10.22395","0.00863"
"32.59800","10.22443","0.00859"
"32.60400","10.22497","0.00860"
"32.61000","10.22544","0.00854"
"32.61600","10.22598","0.00846"
"32.62200","10.22646","0.00836"
"32.62800","10.22700","0.00823"
"32.63400","10.22748","0.00825"
"32.64000","10.22802","0.00838"
"32.64600","10.22849","0.00855"
"32.65200","10.22897","0.00874"
"32.65800","10.22951","0.00880"
"32.66400","10.22999","0.00875"
"32.67000","10.23047","0.00867"
"32.67600","10.23095","0.00857"
"32.68200","10.23142","0.00850"
"32.68800","10.23190","0.00851"
"32.69400","10.23244","0.00850"
"32.70000","10.23292","0.00853"
"32.70600","10.23340","0.00856"
"32.71200","10.23388","0.00849"
"32.71800","10.23441","0.00844"
"32.72400","10.23489","0.00835"
"32.73000","10.23537","0.00829"
"32.73600","10.23591","0.00820"
"32.74200","10.23639","0.00814"
"32.74800","10.23692","0.00822"
"32.75400","10.23740","0.00845"
"32.76000","10.23794","0.00863"
"32.76600","10.23842","0.00874"
"32.77200","10.23896","0.00876"
"32.77800","10.23944","0.00874"
"32.78400","10.23997","0.00884"
"32.79000","10.24051","0.00897"
"32.79600","10.24099","0.00905"
"32.80200","10.24147","0.00909"
"32.80800","10.24201","0.00901"
"32.81400","10.24249","0.00892"
"32.82000","10.24296","0.00890"
"32.82600","10.24350","0.00886"
"32.83200","10.24398","0.00882"
"32.83800","10.24446","0.00879"
"32.84400","10.24500","0.00869"
"32.85000","10.24547","0.00867"
"32.85600","10.24595","0.00871"
"32.86200","10.24649","0.00880"
"32.86800","10.24697","0.00892"
"32.87400","10.24745","0.00885"
"32.88000","10.24799","0.00869"
"32.88600","10.24846","0.00869"
"32.89200","10.24900","0.00877"
"32.89800","10.24948","0.00885"
"32.90400","10.25002","0.00896"
"32.91000","10.25050","0.00896"
"32.91600","10.25103","0.00883"
"32.92200","10.25151","0.00863"
"32.92800","10.25205","0.00848"
"32.93400","10.25253","0.00850"
"32.94000","10.25307","0.00852"
"32.94600","10.25355","0.00846"
"32.95200","10.25402","0.00850"
"32.95800","10.25456","0.00861"
"32.96400","10.25504","0.00871"
"32.97000","10.25552","0.00888"
"32.97600","10.25600","0.00895"
"32.98200","10.25654","0.00894"
"32.98800","10.25701","0.00899"
"32.99400","10.25749","0.00897"
"33.00000","10.25797","0.00897"
"33.00600","10.25851","0.00905"
"33.01200","10.25899","0.00898"
"33.01800","10.25953","0.00891"
"33.02400","10.26000","0.00890"
"33.03000","10.26048","0.00888"
"33.03600","10.26102","0.00892"
"33.04200","10.26150","0.00898"
"33.04800","10.26204","0.00902"
"33.05400","10.26251","0.00902"
"33.06000","10.26299","0.00897"
"33.06600","10.26353","0.00890"
"33.07200","10.26401","0.00891"
"33.07800","10.26455","0.00885"
"33.08400","10.26503","0.00879"
"33.09000","10.26550","0.00882"
"33.09600","10.26604","0.00870"
"33.10200","10.26652","0.00862"
"33.10800","10.26700","0.00860"
"33.11400","10.26748","0.00859"
"33.12000","10.26802","0.00856"
"33.12600","10.26849","0.00850"
"33.13200","10.26897","0.00846"
"33.13800","10.26945","0.00845"
"33.14400","10.26999","0.00844"
"33.15000","10.27047","0.00842"
"33.15600","10.27094","0.00848"
"33.16200","10.27148","0.00853"
"33.16800","10.27196","0.00861"
"33.17400","10.27250","0.00867"
"33.18000","10.27298","0.00865"
"33.18600","10.27346","0.00864"
"33.19200","10.27399","0.00857"
"33.19800","10.27447","0.00851"
"33.20400","10.27501","0.00848"
"33.21000","10.27549","0.00843"
"33.21600","10.27597","0.00846"
"33.22200","10.27651","0.00849"
"33.22800","10.27698","0.00849"
"33.23400","10.27746","0.00850"
"33.24000","10.27800","0.00853"
"33.24600","10.27848","0.00856"
"33.25200","10.27896","0.00867"
"33.25800","10.27950","0.00882"
"33.26400","10.27997","0.00892"
"33.27000","10.28045","0.00886"
"33.27600","10.28099","0.00866"
"33.28200","10.28147","0.00847"
"33.28800","10.28195","0.00845"
"33.29400","10.28242","0.00845"
"33.30000","10.28290","0.00846"
"33.30600","10.28344","0.00853"
"33.31200","10.28392","0.00857"
"33.31800","10.28446","0.00864"
"33.32400","10.28494","0.00870"
"33.33000","10.28547","0.00871"
"33.33600","10.28595","0.00873"
"33.34200","10.28649","0.00870"
"33.34800","10.28697","0.00863"
"33.35400","10.28751","0.00863"
"33.36000","10.28798","0.00867"
"33.36600","10.28852","0.00863"
"33.37200","10.28900","0.00861"
"33.37800","10.28948","0.00857"
"33.38400","10.29002","0.00852"
"33.39000","10.29050","0.00842"
"33.39600","10.29103","0.00836"
"33.40200","10.29151","0.00846"
"33.40800","10.29199","0.00858"
"33.41400","10.29247","0.00867"
"33.42000","10.29301","0.00876"
"33.42600","10.29349","0.00879"
"33.43200","10.29396","0.00886"
"33.43800","10.29450","0.00895"
"33.44400","10.29498","0.00893"
"33.45000","10.29546","0.00884"
"33.45600","10.29600","0.00872"
"33.46200","10.29648","0.00865"
"33.46800","10.29701","0.00866"
"33.47400","10.29749","0.00865"
"33.48000","10.29803","0.00859"
"33.48600","10.29851","0.00862"
"33.49200","10.29905","0.00865"
"33.49800","10.29952","0.00864"
"33.50400","10.30000","0.00877"
"33.51000","10.30054","0.00884"
"33.51600","10.30102","0.00884"
"33.52200","10.30150","0.00882"
"33.52800","10.30197","0.00874"
"33.53400","10.30251","0.00873"
"33.54000","10.30299","0.00877"
"33.54600","10.30347","0.00875"
"33.55200","10.30395","0.00879"
"33.55800","10.30449","0.00885"
"33.56400","10.30496","0.00888"
"33.57000","10.30544","0.00887"
"33.57600","10.30598","0.00881"
"33.58200","10.30646","0.00876"
"33.58800","10.30694","0.00872"
"33.59400","10.30748","0.00862"
"33.60000","10.30795","0.00854"
"33.60600","10.30843","0.00859"
"33.61200","10.30897","0.00859"
"33.61800","10.30951","0.00861"
"33.62400","10.30999","0.00861"
"33.63000","10.31047","0.00860"
"33.63600","10.31100","0.00856"
"33.64200","10.31148","0.00858"
"33.64800","10.31202","0.00868"
"33.65400","10.31250","0.00875"
"33.66000","10.31304","0.00869"
"33.66600","10.31351","0.00864"
"33.67200","10.31399","0.00862"
"33.67800","10.31453","0.00852"
"33.68400","10.31501","0.00849"
"33.69000","10.31549","0.00849"
"33.69600","10.31597","0.00844"
"33.70200","10.31650","0.00844"
"33.70800","10.31698","0.00844"
"33.71400","10.31746","0.00851"
"33.72000","10.31794","0.00867"
"33.72600","10.31848","0.00873"
"33.73200","10.31896","0.00875"
"33.73800","10.31943","0.00875"
"33.74400","10.31997","0.00875"
"33.75000","10.32045","0.00881"
"33.75600","10.32093","0.00889"
"33.76200","10.32147","0.00894"
"33.76800","10.32195","0.00901"
"33.77400","10.32248","0.00902"
"33.78000","10.32296","0.00892"
"33.78600","10.32350","0.00889"
"33.79200","10.32398","0.00883"
"33.79800","10.32446","0.00872"
"33.80400","10.32500","0.00859"
"33.81000","10.32547","0.00842"
"33.81600","10.32595","0.00825"
"33.82200","10.32649","0.00817"
"33.82800","10.32697","0.00811"
"33.83400","10.32745","0.00813"
"33.84000","10.32792","0.00821"
"33.84600","10.32846","0.00820"
"33.85200","10.32894","0.00827"
"33.85800","10.32942","0.00837"
"33.86400","10.32990","0.00855"
"33.87000","10.33044","0.00875"
"33.87600","10.33091","0.00887"
"33.88200","10.33145","0.00887"
"33.88800","10.33193","0.00886"
"33.89400","10.33247","0.00877"
"33.90000","10.33295","0.00878"
"33.90600","10.33348","0.00882"
"33.91200","10.33396","0.00873"
"33.91800","10.33450","0.00870"
"33.92400","10.33498","0.00872"
"33.93000","10.33552","0.00874"
"33.93600","10.33600","0.00884"
"33.94200","10.33653","0.00889"
"33.94800","10.33701","0.00886"
"33.95400","10.33749","0.00884"
"33.96000","10.33797","0.00886"
"33.96600","10.33851","0.00895"
"33.97200","10.33899","0.00902"
"33.97800","10.33946","0.00900"
"33.98400","10.34000","0.00903"
"33.99000","10.34048","0.00902"
"33.99600","10.34102","0.00899"
"34.00200","10.34150","0.00906"
"34.00800","10.34198","0.00912"
"34.01400","10.34251","0.00907"
"34.02000","10.34299","0.00901"
"34.02600","10.34347","0.00896"
"34.03200","10.34401","0.00888"
"34.03800","10.34449","0.00887"
"34.04400","10.34496","0.00876"
"34.05000","10.34550","0.00871"
"34.05600","10.34598","0.00867"
"34.06200","10.34652","0.00852"
"34.06800","10.34700","0.00843"
"34.07400","10.34754","0.00840"
"34.08000","10.34801","0.00839"
"34.08600","10.34855","0.00849"
"34.09200","10.34903","0.00857"
"34.09800","10.34951","0.00857"
"34.10400","10.35005","0.00855"
"34.11000","10.35052","0.00850"
"34.11600","10.35100","0.00855"
"34.12200","10.35148","0.00861"
"34.12800","10.35202","0.00863"
"34.13400","10.35250","0.00859"
"34.14000","10.35298","0.00855"
"34.14600","10.35345","0.00848"
"34.15200","10.35399","0.00853"
"34.15800","10.35447","0.00861"
"34.16400","10.35495","0.00869"
"34.17000","10.35549","0.00882"
"34.17600","10.35597","0.00890"
"34.18200","10.35644","0.00895"
"34.18800","10.35698","0.00899"
"34.19400","10.35746","0.00891"
"34.20000","10.35800","0.00884"
"34.20600","10.35848","0.00879"
"34.21200","10.35902","0.00867"
"34.21800","10.35949","0.00863"
"34.22400","10.36003","0.00864"
"34.23000","10.36051","0.00870"
"34.23600","10.36099","0.00876"
"34.24200","10.36147","0.00872"
"34.24800","10.36201","0.00869"
"34.25400","10.36248","0.00874"
"34.26000","10.36296","0.00869"
"34.26600","10.36344","0.00870"
"34.27200","10.36398","0.00875"
"34.27800","10.36446","0.00878"
"34.28400","10.36493","0.00883"
"34.29000","10.36547","0.00891"
"34.29600","10.36595","0.00889"
"34.30200","10.36649","0.00881"
"34.30800","10.36697","0.00868"
"34.31400","10.36745","0.00855"
"34.32000","10.36798","0.00853"
"34.32600","10.36846","0.00857"
"34.33200","10.36894","0.00864"
"34.33800","10.36948","0.00872"
"34.34400","10.36996","0.00868"
"34.35000","10.37043","0.00857"
"34.35600","10.37097","0.00856"
"34.36200","10.37145","0.00861"
"34.36800","10.37193","0.00877"
"34.37400","10.37247","0.00883"
"34.38000","10.37295","0.00889"
"34.38600","10.37342","0.00891"
"34.39200","10.37396","0.00891"
"34.39800","10.37444","0.00889"
"34.40400","10.37498","0.00887"
"34.41000","10.37546","0.00876"
"34.41600","10.37594","0.00862"
"34.42200","10.37647","0.00849"
"34.42800","10.37695","0.00840"
"34.43400","10.37749","0.00840"
"34.44000","10.37797","0.00841"
"34.44600","10.37851","0.00843"
"34.45200","10.37898","0.00852"
"34.45800","10.37952","0.00858"
"34.46400","10.38000","0.00867"
"34.47000","10.38048","0.00870"
"34.47600","10.38102","0.00869"
"34.48200","10.38150","0.00868"
"34.48800","10.38197","0.00862"
"34.49400","10.38251","0.00863"
"34.50000","10.38299","0.00873"
"34.50600","10.38347","0.00876"
"34.51200","10.38401","0.00867"
"34.51800","10.38449","0.00862"
"34.52400","10.38502","0.00868"
"34.53000","10.38550","0.00869"
"34.53600","10.38604","0.00872"
"34.54200","10.38652","0.00868"
"34.54800","10.38700","0.00862"
"34.55400","10.38753","0.00855"
"34.56000","10.38801","0.00844"
"34.56600","10.38849","0.00842"
"34.57200","10.38903","0.00851"
"34.57800","10.38951","0.00860"
"34.58400","10.38999","0.00871"
"34.59000","10.39052","0.00876"
"34.59600","10.39100","0.00875"
"34.60200","10.39154","0.00879"
"34.60800","10.39202","0.00885"
"34.61400","10.39250","0.00889"
"34.62000","10.39303","0.00885"
"34.62600","10.39351","0.00871"
"34.63200","10.39399","0.00855"
"34.63800","10.39453","0.00852"
"34.64400","10.39501","0.00850"
"34.65000","10.39549","0.00856"
"34.65600","10.39596","0.00862"
"34.66200","10.39650","0.00862"
"34.66800","10.39698","0.00866"
"34.67400","10.39746","0.00874"
"34.68000","10.39800","0.00880"
"34.68600","10.39848","0.00889"
"34.69200","10.39895","0.00883"
"34.69800","10.39949","0.00869"
"34.70400","10.39997","0.00868"
"34.71000","10.40051","0.00869"
"34.71600","10.40099","0.00873"
"34.72200","10.40147","0.00882"
"34.72800","10.40200","0.00878"
"34.73400","10.40248","0.00874"
"34.74000","10.40296","0.00869"
"34.74600","10.40350","0.00864"
"34.75200","10.40398","0.00855"
"34.75800","10.40446","0.00852"
"34.76400","10.40499","0.00843"
"34.77000","10.40547","0.00843"
"34.77600","10.40595","0.00847"
"34.78200","10.40649","0.00857"
"34.78800","10.40697","0.00878"
"34.79400","10.40744","0.00885"
"34.80000","10.40798","0.00891"
"34.80600","10.40846","0.00903"
"34.81200","10.40894","0.00907"
"34.81800","10.40948","0.00914"
"34.82400","10.40996","0.00917"
"34.83000","10.41043","0.00917"
"34.83600","10.41097","0.00917"
"34.84200","10.41145","0.00915"
"34.84800","10.41199","0.00917"
"34.85400","10.41247","0.00918"
"34.86000","10.41300","0.00908"
"34.86600","10.41348","0.00894"
"34.87200","10.41396","0.00876"
"34.87800","10.41444","0.00858"
"34.88400","10.41498","0.00853"
"34.89000","10.41546","0.00859"
"34.89600","10.41593","0.00868"
"34.90200","10.41641","0.00876"
"34.90800","10.41695","0.00881"
"34.91400","10.41743","0.00880"
"34.92000","10.41797","0.00880"
"34.92600","10.41845","0.00884"
"34.93200","10.41892","0.00895"
"34.93800","10.41946","0.00913"
"34.94400","10.41994","0.00923"
"34.95000","10.42042","0.00919"
"34.95600","10.42096","0.00919"
"34.96200","10.42144","0.00918"
"34.96800","10.42191","0.00916"
"34.97400","10.42245","0.00909"
"34.98000","10.42293","0.00905"
"34.98600","10.42347","0.00908"
"34.99200","10.42401","0.00908"
"34.99800","10.42448","0.00909"
"35.00400","10.42496","0.00917"
"35.01000","10.42550","0.00920"
"35.01600","10.42598","0.00917"
"35.02200","10.42652","0.00916"
"35.02800","10.42700","0.00910"
"35.03400","10.42747","0.00909"
"35.04000","10.42801","0.00903"
"35.04600","10.42849","0.00892"
"35.05200","10.42897","0.00887"
"35.05800","10.42951","0.00881"
"35.06400","10.42999","0.00868"
"35.07000","10.43052","0.00862"
"35.07600","10.43100","0.00857"
"35.08200","10.43154","0.00861"
"35.08800","10.43202","0.00862"
"35.09400","10.43250","0.00860"
"35.10000","10.43303","0.00868"
"35.10600","10.43351","0.00873"
"35.11200","10.43399","0.00871"
"35.11800","10.43453","0.00869"
"35.12400","10.43501","0.00867"
"35.13000","10.43549","0.00854"
"35.13600","10.43602","0.00850"
"35.14200","10.43650","0.00857"
"35.14800","10.43704","0.00875"
"35.15400","10.43752","0.00889"
"35.16000","10.43800","0.00888"
"35.16600","10.43853","0.00882"
"35.17200","10.43901","0.00873"
"35.17800","10.43949","0.00861"
"35.18400","10.44003","0.00857"
"35.19000","10.44051","0.00859"
"35.19600","10.44099","0.00854"
"35.20200","10.44152","0.00848"
"35.20800","10.44200","0.00841"
"35.21400","10.44248","0.00838"
"35.22000","10.44302","0.00845"
"35.22600","10.44350","0.00846"
"35.23200","10.44398","0.00848"
"35.23800","10.44451","0.00854"
"35.24400","10.44499","0.00856"
"35.25000","10.44547","0.00857"
"35.25600","10.44595","0.00865"
"35.26200","10.44649","0.00869"
"35.26800","10.44697","0.00876"
"35.27400","10.44744","0.00877"
"35.28000","10.44798","0.00878"
"35.28600","10.44846","0.00881"
"35.29200","10.44900","0.00888"
"35.29800","10.44948","0.00893"
"35.30400","10.44995","0.00900"
"35.31000","10.45049","0.00895"
"35.31600","10.45097","0.00884"
"35.32200","10.45145","0.00885"
"35.32800","10.45199","0.00886"
"35.33400","10.45247","0.00882"
"35.34000","10.45294","0.00875"
"35.34600","10.45348","0.00870"
"35.35200","10.45396","0.00862"
"35.35800","10.45450","0.00859"
"35.36400","10.45498","0.00868"
"35.37000","10.45551","0.00885"
"35.37600","10.45599","0.00895"
"35.38200","10.45653","0.00898"
"35.38800","10.45701","0.00893"
"35.39400","10.45749","0.00887"
"35.40000","10.45797","0.00891"
"35.40600","10.45845","0.00893"
"35.41200","10.45898","0.00891"
"35.41800","10.45946","0.00888"
"35.42400","10.45994","0.00883"
"35.43000","10.46048","0.00883"
"35.43600","10.46096","0.00887"
"35.44200","10.46143","0.00884"
"35.44800","10.46197","0.00880"
"35.45400","10.46245","0.00882"
"35.46000","10.46293","0.00878"
"35.46600","10.46347","0.00870"
"35.47200","10.46395","0.00871"
"35.47800","10.46448","0.00871"
"35.48400","10.46496","0.00871"
"35.49000","10.46550","0.00866"
"35.49600","10.46598","0.00854"
"35.50200","10.46652","0.00851"
"35.50800","10.46699","0.00850"
"35.51400","10.46747","0.00848"
"35.52000","10.46801","0.00861"
"35.52600","10.46849","0.00874"
"35.53200","10.46897","0.00877"
"35.53800","10.46951","0.00873"
"35.54400","10.46998","0.00864"
"35.55000","10.47046","0.00857"
"35.55600","10.47094","0.00858"
"35.56200","10.47148","0.00859"
"35.56800","10.47196","0.00862"
"35.57400","10.47250","0.00871"
"35.58000","10.47297","0.00878"
"35.58600","10.47351","0.00883"
"35.59200","10.47399","0.00880"
"35.59800","10.47447","0.00870"
"35.60400","10.47501","0.00868"
"35.61000","10.47548","0.00856"
"35.61600","10.47596","0.00851"
"35.62200","10.47650","0.00849"
"35.62800","10.47698","0.00843"
"35.63400","10.47752","0.00837"
"35.64000","10.47806","0.00834"
"35.64600","10.47853","0.00838"
"35.65200","10.47907","0.00857"
"35.65800","10.47955","0.00871"
"35.66400","10.48003","0.00880"
"35.67000","10.48057","0.00886"
"35.67600","10.48104","0.00894"
"35.68200","10.48152","0.00900"
"35.68800","10.48200","0.00907"
"35.69400","10.48254","0.00899"
"35.70000","10.48302","0.00887"
"35.70600","10.48350","0.00881"
"35.71200","10.48403","0.00879"
"35.71800","10.48451","0.00887"
"35.72400","10.48499","0.00891"
"35.73000","10.48553","0.00889"
"35.73600","10.48601","0.00885"
"35.74200","10.48649","0.00883"
"35.74800","10.48696","0.00881"
"35.75400","10.48750","0.00879"
"35.76000","10.48798","0.00884"
"35.76600","10.48852","0.00890"
"35.77200","10.48900","0.00893"
"35.77800","10.48953","0.00889"
"35.78400","10.49001","0.00886"
"35.79000","10.49055","0.00878"
"35.79600","10.49103","0.00872"
"35.80200","10.49151","0.00871"
"35.80800","10.49199","0.00871"
"35.81400","10.49252","0.00873"
"35.82000","10.49300","0.00879"
"35.82600","10.49348","0.00877"
"35.83200","10.49396","0.00882"
"35.83800","10.49444","0.00895"
"35.84400","10.49498","0.00896"
"35.85000","10.49545","0.00887"
"35.85600","10.49593","0.00882"
"35.86200","10.49641","0.00874"
"35.86800","10.49689","0.00874"
"35.87400","10.49743","0.00873"
"35.88000","10.49791","0.00872"
"35.88600","10.49838","0.00876"
"35.89200","10.49892","0.00870"
"35.89800","10.49940","0.00866"
"35.90400","10.49994","0.00873"
"35.91000","10.50042","0.00874"
"35.91600","10.50090","0.00873"
"35.92200","10.50143","0.00873"
"35.92800","10.50197","0.00866"
"35.93400","10.50245","0.00859"
"35.94000","10.50299","0.00866"
"35.94600","10.50347","0.00871"
"35.95200","10.50400","0.00871"
"35.95800","10.50448","0.00862"
"35.96400","10.50502","0.00856"
"35.97000","10.50550","0.00861"
"35.97600","10.50598","0.00863"
"35.98200","10.50646","0.00861"
"35.98800","10.50699","0.00860"
"35.99400","10.50747","0.00854"
"36.00000","10.50795","0.00844"
"36.00600","10.50849","0.00835"
"36.01200","10.50897","0.00827"
"36.01800","10.50945","0.00825"
"36.02400","10.50998","0.00828"
"36.03000","10.51046","0.00833"
"36.03600","10.51100","0.00848"
"36.04200","10.51148","0.00859"
"36.04800","10.51202","0.00862"
"36.05400","10.51249","0.00866"
"36.06000","10.51303","0.00874"
"36.06600","10.51351","0.00884"
"36.07200","10.51405","0.00893"
"36.07800","10.51453","0.00898"
"36.08400","10.51501","0.00899"
"36.09000","10.51554","0.00892"
"36.09600","10.51602","0.00883"
"36.10200","10.51656","0.00882"
"36.10800","10.51704","0.00884"
"36.11400","10.51752","0.00882"
"36.12000","10.51799","0.00889"
"36.12600","10.51853","0.00892"
"36.13200","10.51901","0.00890"
"36.13800","10.51949","0.00888"
"36.14400","10.52003","0.00888"
"36.15000","10.52051","0.00888"
"36.15600","10.52098","0.00884"
"36.16200","10.52146","0.00872"
"36.16800","10.52200","0.00869"
"36.17400","10.52248","0.00868"
"36.18000","10.52296","0.00869"
"36.18600","10.52350","0.00883"
"36.19200","10.52397","0.00889"
"36.19800","10.52451","0.00877"
"36.20400","10.52499","0.00872"
"36.21000","10.52553","0.00869"
"36.21600","10.52601","0.00869"
"36.22200","10.52654","0.00863"
"36.22800","10.52708","0.00855"
"36.23400","10.52756","0.00853"
"36.24000","10.52804","0.00852"
"36.24600","10.52858","0.00855"
"36.25200","10.52906","0.00867"
"36.25800","10.52959","0.00881"
"36.26400","10.53007","0.00882"
"36.27000","10.53055","0.00878"
"36.27600","10.53103","0.00871"
"36.28200","10.53157","0.00873"
"36.28800","10.53205","0.00878"
"36.29400","10.53252","0.00881"
"36.30000","10.53300","0.00888"
"36.30600","10.53348","0.00895"
"36.31200","10.53402","0.00904"
"36.31800","10.53450","0.00915"
"36.32400","10.53498","0.00920"
"36.33000","10.53551","0.00914"
"36.33600","10.53599","0.00909"
"36.34200","10.53647","0.00894"
"36.34800","10.53701","0.00886"
"36.35400","10.53749","0.00889"
"36.36000","10.53802","0.00891"
"36.36600","10.53850","0.00896"
"36.37200","10.53904","0.00901"
"36.37800","10.53952","0.00900"
"36.38400","10.54000","0.00898"
"36.39000","10.54054","0.00898"
"36.39600","10.54101","0.00899"
"36.40200","10.54149","0.00904"
"36.40800","10.54197","0.00905"
"36.41400","10.54245","0.00897"
"36.42000","10.54293","0.00891"
"36.42600","10.54347","0.00880"
"36.43200","10.54394","0.00870"
"36.43800","10.54442","0.00859"
"36.44400","10.54496","0.00849"
"36.45000","10.54544","0.00843"
"36.45600","10.54592","0.00843"
"36.46200","10.54646","0.00843"
"36.46800","10.54693","0.00849"
"36.47400","10.54741","0.00858"
"36.48000","10.54795","0.00869"
"36.48600","10.54843","0.00884"
"36.49200","10.54897","0.00885"
"36.49800","10.54945","0.00890"
"36.50400","10.54998","0.00901"
"36.51000","10.55046","0.00911"
"36.51600","10.55100","0.00914"
"36.52200","10.55148","0.00913"
"36.52800","10.55202","0.00908"
"36.53400","10.55249","0.00902"
"36.54000","10.55297","0.00894"
"36.54600","10.55345","0.00893"
"36.55200","10.55399","0.00895"
"36.55800","10.55447","0.00884"
"36.56400","10.55494","0.00873"
"36.57000","10.55548","0.00869"
"36.57600","10.55596","0.00868"
"36.58200","10.55650","0.00868"
"36.58800","10.55698","0.00880"
"36.59400","10.55752","0.00888"
"36.60000","10.55799","0.00890"
"36.60600","10.55847","0.00892"
"36.61200","10.55901","0.00898"
"36.61800","10.55949","0.00911"
"36.62400","10.56003","0.00916"
"36.63000","10.56050","0.00909"
"36.63600","10.56104","0.00901"
"36.64200","10.56152","0.00891"
"36.64800","10.56200","0.00888"
"36.65400","10.56254","0.00893"
"36.66000","10.56308","0.00893"
"36.66600","10.56355","0.00886"
"36.67200","10.56403","0.00880"
"36.67800","10.56457","0.00874"
"36.68400","10.56505","0.00885"
"36.69000","10.56553","0.00896"
"36.69600","10.56601","0.00901"
"36.70200","10.56654","0.00905"
"36.70800","10.56702","0.00903"
"36.71400","10.56750","0.00902"
"36.72000","10.56804","0.00910"
"36.72600","10.56852","0.00918"
"36.73200","10.56900","0.00917"
"36.73800","10.56947","0.00907"
"36.74400","10.57001","0.00894"
"36.75000","10.57049","0.00898"
"36.75600","10.57097","0.00905"
"36.76200","10.57151","0.00905"
"36.76800","10.57198","0.00902"
"36.77400","10.57252","0.00897"
"36.78000","10.57300","0.00891"
"36.78600","10.57348","0.00889"
"36.79200","10.57402","0.00883"
"36.79800","10.57450","0.00877"
"36.80400","10.57503","0.00879"
"36.81000","10.57551","0.00875"
"36.81600","10.57599","0.00875"
"36.82200","10.57647","0.00882"
"36.82800","10.57701","0.00884"
"36.83400","10.57749","0.00888"
"36.84000","10.57796","0.00891"
"36.84600","10.57850","0.00886"
"36.85200","10.57898","0.00881"
"36.85800","10.57946","0.00871"
"36.86400","10.58000","0.00866"
"36.87000","10.58048","0.00868"
"36.87600","10.58101","0.00880"
"36.88200","10.58149","0.00892"
"36.88800","10.58197","0.00901"
"36.89400","10.58251","0.00898"
"36.90000","10.58299","0.00899"
"36.90600","10.58346","0.00905"
"36.91200","10.58400","0.00906"
"36.91800","10.58448","0.00908"
"36.92400","10.58496","0.00909"
"36.93000","10.58550","0.00900"
"36.93600","10.58598","0.00893"
"36.94200","10.58645","0.00890"
"36.94800","10.58699","0.00883"
"36.95400","10.58747","0.00884"
"36.96000","10.58795","0.00885"
"36.96600","10.58843","0.00886"
"36.97200","10.58897","0.00890"
"36.97800","10.58944","0.00890"
"36.98400","10.58992","0.00889"
"36.99000","10.59046","0.00887"
"36.99600","10.59094","0.00880"
"37.00200","10.59142","0.00883"
"37.00800","10.59196","0.00885"
"37.01400","10.59243","0.00880"
"37.02000","10.59291","0.00881"
"37.02600","10.59345","0.00882"
"37.03200","10.59393","0.00879"
"37.03800","10.59441","0.00880"
"37.04400","10.59494","0.00884"
"37.05000","10.59542","0.00884"
"37.05600","10.59590","0.00885"
"37.06200","10.59644","0.00888"
"37.06800","10.59692","0.00889"
"37.07400","10.59746","0.00885"
"37.08000","10.59793","0.00881"
"37.08600","10.59847","0.00888"
"37.09200","10.59895","0.00895"
"37.09800","10.59943","0.00890"
"37.10400","10.59997","0.00884"
"37.11000","10.60044","0.00877"
"37.11600","10.60098","0.00872"
"37.12200","10.60146","0.00876"
"37.12800","10.60194","0.00881"
"37.13400","10.60248","0.00884"
"37.14000","10.60296","0.00881"
"37.14600","10.60349","0.00873"
"37.15200","10.60397","0.00880"
"37.15800","10.60445","0.00898"
"37.16400","10.60499","0.00910"
"37.17000","10.60547","0.00911"
"37.17600","10.60600","0.00904"
"37.18200","10.60648","0.00895"
"37.18800","10.60696","0.00895"
"37.19400","10.60750","0.00895"
"37.20000","10.60798","0.00894"
"37.20600","10.60852","0.00884"
"37.21200","10.60899","0.00868"
"37.21800","10.60947","0.00869"
"37.22400","10.61001","0.00882"
"37.23000","10.61049","0.00891"
"37.23600","10.61103","0.00897"
"37.24200","10.61151","0.00901"
"37.24800","10.61198","0.00899"
"37.25400","10.61246","0.00898"
"37.26000","10.61300","0.00894"
"37.26600","10.61348","0.00892"
"37.27200","10.61396","0.00884"
"37.27800","10.61450","0.00876"
"37.28400","10.61497","0.00876"
"37.29000","10.61551","0.00883"
"37.29600","10.61599","0.00882"
"37.30200","10.61647","0.00892"
"37.30800","10.61701","0.00902"
"37.31400","10.61749","0.00907"
"37.32000","10.61802","0.00912"
"37.32600","10.61850","0.00920"
"37.33200","10.61898","0.00926"
"37.33800","10.61952","0.00925"
"37.34400","10.62000","0.00915"
"37.35000","10.62047","0.00908"
"37.35600","10.62101","0.00908"
"37.36200","10.62149","0.00907"
"37.36800","10.62203","0.00911"
"37.37400","10.62251","0.00910"
"37.38000","10.62299","0.00898"
"37.38600","10.62352","0.00880"
"37.39200","10.62400","0.00866"
"37.39800","10.62454","0.00859"
"37.40400","10.62502","0.00855"
"37.41000","10.62550","0.00848"
"37.41600","10.62598","0.00845"
"37.42200","10.62651","0.00854"
"37.42800","10.62699","0.00855"
"37.43400","10.62747","0.00857"
"37.44000","10.62801","0.00856"
"37.44600","10.62849","0.00855"
"37.45200","10.62896","0.00858"
"37.45800","10.62950","0.00859"
"37.46400","10.62998","0.00865"
"37.47000","10.63046","0.00876"
"37.47600","10.63094","0.00882"
"37.48200","10.63148","0.00884"
"37.48800","10.63195","0.00891"
"37.49400","10.63249","0.00887"
"37.50000","10.63297","0.00889"
"37.50600","10.63345","0.00897"
"37.51200","10.63399","0.00895"
"37.51800","10.63447","0.00895"
"37.52400","10.63494","0.00896"
"37.53000","10.63548","0.00884"
"37.53600","10.63596","0.00878"
"37.54200","10.63644","0.00877"
"37.54800","10.63698","0.00877"
"37.55400","10.63745","0.00876"
"37.56000","10.63793","0.00881"
"37.56600","10.63841","0.00887"
"37.57200","10.63895","0.00891"
"37.57800","10.63943","0.00894"
"37.58400","10.63997","0.00906"
"37.59000","10.64044","0.00917"
"37.59600","10.64092","0.00915"
"37.60200","10.64140","0.00911"
"37.60800","10.64194","0.00908"
"37.61400","10.64242","0.00907"
"37.62000","10.64295","0.00912"
"37.62600","10.64343","0.00912"
"37.63200","10.64397","0.00909"
"37.63800","10.64445","0.00901"
"37.64400","10.64499","0.00884"
"37.65000","10.64547","0.00872"
"37.65600","10.64601","0.00867"
"37.66200","10.64648","0.00870"
"37.66800","10.64702","0.00874"
"37.67400","10.64750","0.00871"
"37.68000","10.64798","0.00866"
"37.68600","10.64851","0.00872"
"37.69200","10.64899","0.00889"
"37.69800","10.64947","0.00907"
"37.70400","10.65001","0.00911"
"37.71000","10.65049","0.00899"
"37.71600","10.65097","0.00890"
"37.72200","10.65150","0.00892"
"37.72800","10.65198","0.00895"
"37.73400","10.65252","0.00898"
"37.74000","10.65300","0.00901"
"37.74600","10.65348","0.00888"
"37.75200","10.65402","0.00879"
"37.75800","10.65449","0.00879"
"37.76400","10.65497","0.00880"
"37.77000","10.65551","0.00881"
"37.77600","10.65599","0.00881"
"37.78200","10.65653","0.00882"
"37.78800","10.65701","0.00883"
"37.79400","10.65754","0.00886"
"37.80000","10.65802","0.00894"
"37.80600","10.65856","0.00905"
"37.81200","10.65904","0.00895"
"37.81800","10.65958","0.00890"
"37.82400","10.66005","0.00898"
"37.83000","10.66053","0.00898"
"37.83600","10.66107","0.00907"
"37.84200","10.66155","0.00910"
"37.84800","10.66203","0.00911"
"37.85400","10.66257","0.00909"
"37.86000","10.66304","0.00904"
"37.86600","10.66352","0.00906"
"37.87200","10.66406","0.00901"
"37.87800","10.66454","0.00889"
"37.88400","10.66502","0.00887"
"37.89000","10.66550","0.00884"
"37.89600","10.66597","0.00879"
"37.90200","10.66651","0.00884"
"37.90800","10.66699","0.00892"
"37.91400","10.66747","0.00895"
"37.92000","10.66801","0.00888"
"37.92600","10.66849","0.00882"
"37.93200","10.66902","0.00881"
"37.93800","10.66950","0.00884"
"37.94400","10.67004","0.00886"
"37.95000","10.67052","0.00888"
"37.95600","10.67106","0.00891"
"37.96200","10.67154","0.00890"
"37.96800","10.67201","0.00895"
"37.97400","10.67255","0.00906"
"37.98000","10.67303","0.00906"
"37.98600","10.67351","0.00899"
"37.99200","10.67399","0.00893"
"37.99800","10.67446","0.00896"
"38.00400","10.67500","0.00902"
"38.01000","10.67548","0.00899"
"38.01600","10.67596","0.00892"
"38.02200","10.67644","0.00895"
"38.02800","10.67698","0.00898"
"38.03400","10.67745","0.00900"
"38.04000","10.67793","0.00900"
"38.04600","10.67841","0.00903"
"38.05200","10.67895","0.00903"
"38.05800","10.67943","0.00901"
"38.06400","10.67997","0.00887"
"38.07000","10.68044","0.00876"
"38.07600","10.68098","0.00869"
"38.08200","10.68146","0.00869"
"38.08800","10.68194","0.00878"
"38.09400","10.68242","0.00880"
"38.10000","10.68295","0.00882"
"38.10600","10.68343","0.00886"
"38.11200","10.68397","0.00885"
"38.11800","10.68445","0.00891"
"38.12400","10.68493","0.00895"
"38.13000","10.68546","0.00894"
"38.13600","10.68594","0.00891"
"38.14200","10.68642","0.00883"
"38.14800","10.68696","0.00873"
"38.15400","10.68744","0.00875"
"38.16000","10.68792","0.00877"
"38.16600","10.68845","0.00875"
"38.17200","10.68893","0.00876"
"38.17800","10.68941","0.00874"
"38.18400","10.68995","0.00875"
"38.19000","10.69043","0.00881"
"38.19600","10.69091","0.00891"
"38.20200","10.69144","0.00907"
"38.20800","10.69198","0.00916"
"38.21400","10.69246","0.00908"
"38.22000","10.69300","0.00904"
"38.22600","10.69348","0.00908"
"38.23200","10.69401","0.00919"
"38.23800","10.69449","0.00923"
"38.24400","10.69497","0.00920"
"38.25000","10.69551","0.00910"
"38.25600","10.69599","0.00897"
"38.26200","10.69653","0.00890"
"38.26800","10.69700","0.00892"
"38.27400","10.69754","0.00890"
"38.28000","10.69802","0.00876"
"38.28600","10.69856","0.00867"
"38.29200","10.69904","0.00864"
"38.29800","10.69952","0.00863"
"38.30400","10.70005","0.00864"
"38.31000","10.70053","0.00864"
"38.31600","10.70101","0.00866"
"38.32200","10.70149","0.00870"
"38.32800","10.70197","0.00874"
"38.33400","10.70251","0.00881"
"38.34000","10.70298","0.00890"
"38.34600","10.70352","0.00889"
"38.35200","10.70400","0.00886"
"38.35800","10.70448","0.00883"
"38.36400","10.70502","0.00875"
"38.37000","10.70549","0.00869"
"38.37600","10.70597","0.00870"
"38.38200","10.70651","0.00876"
"38.38800","10.70699","0.00879"
"38.39400","10.70753","0.00876"
"38.40000","10.70801","0.00879"
"38.40600","10.70848","0.00885"
"38.41200","10.70902","0.00879"
"38.41800","10.70950","0.00872"
"38.42400","10.71004","0.00871"
"38.43000","10.71052","0.00874"
"38.43600","10.71100","0.00889"
"38.44200","10.71153","0.00901"
"38.44800","10.71201","0.00909"
"38.45400","10.71249","0.00912"
"38.46000","10.71303","0.00905"
"38.46600","10.71351","0.00902"
"38.47200","10.71399","0.00905"
"38.47800","10.71446","0.00905"
"38.48400","10.71500","0.00906"
"38.49000","10.71548","0.00906"
"38.49600","10.71596","0.00897"
"38.50200","10.71650","0.00902"
"38.50800","10.71697","0.00914"
"38.51400","10.71751","0.00925"
"38.52000","10.71799","0.00928"
"38.52600","10.71847","0.00922"
"38.53200","10.71901","0.00911"
"38.53800","10.71949","0.00903"
"38.54400","10.71996","0.00885"
"38.55000","10.72050","0.00869"
"38.55600","10.72098","0.00877"
"38.56200","10.72146","0.00885"
"38.56800","10.72200","0.00889"
"38.57400","10.72248","0.00884"
"38.58000","10.72295","0.00880"
"38.58600","10.72349","0.00881"
"38.59200","10.72397","0.00882"
"38.59800","10.72451","0.00885"
"38.60400","10.72499","0.00886"
"38.61000","10.72547","0.00879"
"38.61600","10.72600","0.00873"
"38.62200","10.72648","0.00877"
"38.62800","10.72696","0.00883"
"38.63400","10.72744","0.00884"
"38.64000","10.72798","0.00883"
"38.64600","10.72846","0.00871"
"38.65200","10.72899","0.00858"
"38.65800","10.72947","0.00853"
"38.66400","10.72995","0.00852"
"38.67000","10.73049","0.00859"
"38.67600","10.73096","0.00857"
"38.68200","10.73150","0.00854"
"38.68800","10.73198","0.00849"
"38.69400","10.73246","0.00843"
"38.70000","10.73300","0.00854"
"38.70600","10.73348","0.00868"
"38.71200","10.73402","0.00866"
"38.71800","10.73449","0.00871"
"38.72400","10.73497","0.00882"
"38.73000","10.73551","0.00888"
"38.73600","10.73599","0.00902"
"38.74200","10.73652","0.00912"
"38.74800","10.73700","0.00908"
"38.75400","10.73748","0.00908"
"38.76000","10.73802","0.00904"
"38.76600","10.73850","0.00909"
"38.77200","10.73898","0.00921"
"38.77800","10.73946","0.00924"
"38.78400","10.73999","0.00915"
"38.79000","10.74047","0.00901"
"38.79600","10.74095","0.00887"
"38.80200","10.74149","0.00890"
"38.80800","10.74197","0.00903"
"38.81400","10.74244","0.00906"
"38.82000","10.74298","0.00905"
"38.82600","10.74346","0.00895"
"38.83200","10.74400","0.00885"
"38.83800","10.74448","0.00883"
"38.84400","10.74502","0.00877"
"38.85000","10.74549","0.00873"
"38.85600","10.74597","0.00872"
"38.86200","10.74651","0.00868"
"38.86800","10.74699","0.00875"
"38.87400","10.74747","0.00883"
"38.88000","10.74800","0.00882"
"38.88600","10.74848","0.00882"
"38.89200","10.74896","0.00882"
"38.89800","10.74950","0.00885"
"38.90400","10.74998","0.00891"
"38.91000","10.75052","0.00890"
"38.91600","10.75099","0.00890"
"38.92200","10.75153","0.00886"
"38.92800","10.75201","0.00873"
"38.93400","10.75255","0.00865"
"38.94000","10.75303","0.00862"
"38.94600","10.75351","0.00859"
"38.95200","10.75404","0.00857"
"38.95800","10.75452","0.00858"
"38.96400","10.75500","0.00854"
"38.97000","10.75554","0.00855"
"38.97600","10.75602","0.00856"
"38.98200","10.75650","0.00862"
"38.98800","10.75703","0.00872"
"38.99400","10.75751","0.00872"
"39.00000","10.75799","0.00875"
"39.00600","10.75853","0.00883"
"39.01200","10.75901","0.00887"
"39.01800","10.75949","0.00894"
"39.02400","10.75996","0.00905"
"39.03000","10.76044","0.00901"
"39.03600","10.76098","0.00890"
"39.04200","10.76146","0.00873"
"39.04800","10.76194","0.00864"
"39.05400","10.76241","0.00865"
"39.06000","10.76295","0.00860"
"39.06600","10.76343","0.00855"
"39.07200","10.76397","0.00861"
"39.07800","10.76445","0.00861"
"39.08400","10.76499","0.00867"
"39.09000","10.76546","0.00874"
"39.09600","10.76600","0.00880"
"39.10200","10.76648","0.00892"
"39.10800","10.76696","0.00901"
"39.11400","10.76744","0.00900"
"39.12000","10.76798","0.00901"
"39.12600","10.76845","0.00898"
"39.13200","10.76893","0.00898"
"39.13800","10.76947","0.00901"
"39.14400","10.76995","0.00898"
"39.15000","10.77043","0.00901"
"39.15600","10.77097","0.00912"
"39.16200","10.77144","0.00911"
"39.16800","10.77192","0.00916"
"39.17400","10.77240","0.00915"
"39.18000","10.77288","0.00913"
"39.18600","10.77342","0.00909"
"39.19200","10.77389","0.00910"
"39.19800","10.77437","0.00917"
"39.20400","10.77491","0.00926"
"39.21000","10.77539","0.00925"
"39.21600","10.77593","0.00916"
"39.22200","10.77646","0.00906"
"39.22800","10.77694","0.00895"
"39.23400","10.77748","0.00892"
"39.24000","10.77802","0.00890"
"39.24600","10.77850","0.00890"
"39.25200","10.77898","0.00898"
"39.25800","10.77952","0.00903"
"39.26400","10.77999","0.00907"
"39.27000","10.78047","0.00914"
"39.27600","10.78101","0.00911"
"39.28200","10.78149","0.00903"
"39.28800","10.78197","0.00894"
"39.29400","10.78244","0.00879"
"39.30000","10.78298","0.00865"
"39.30600","10.78346","0.00871"
"39.31200","10.78394","0.00876"
"39.31800","10.78448","0.00889"
"39.32400","10.78496","0.00904"
"39.33000","10.78543","0.00911"
"39.33600","10.78597","0.00915"
"39.34200","10.78645","0.00920"
"39.34800","10.78699","0.00919"
"39.35400","10.78747","0.00915"
"39.36000","10.78800","0.00902"
"39.36600","10.78848","0.00896"
"39.37200","10.78902","0.00899"
"39.37800","10.78956","0.00903"
"39.38400","10.79004","0.00912"
"39.39000","10.79052","0.00917"
"39.39600","10.79105","0.00910"
"39.40200","10.79153","0.00908"
"39.40800","10.79201","0.00912"
"39.41400","10.79249","0.00914"
"39.42000","10.79303","0.00915"
"39.42600","10.79351","0.00912"
"39.43200","10.79398","0.00907"
"39.43800","10.79446","0.00902"
"39.44400","10.79500","0.00892"
"39.45000","10.79548","0.00888"
"39.45600","10.79596","0.00889"
"39.46200","10.79649","0.00874"
"39.46800","10.79697","0.00868"
"39.47400","10.79751","0.00877"
"39.48000","10.79799","0.00887"
"39.48600","10.79847","0.00898"
"39.49200","10.79901","0.00911"
"39.49800","10.79948","0.00918"
"39.50400","10.80002","0.00922"
"39.51000","10.80056","0.00920"
"39.51600","10.80104","0.00920"
"39.52200","10.80152","0.00917"
"39.52800","10.80206","0.00909"
"39.53400","10.80253","0.00899"
"39.54000","10.80307","0.00897"
"39.54600","10.80355","0.00900"
"39.55200","10.80403","0.00899"
"39.55800","10.80451","0.00906"
"39.56400","10.80499","0.00910"
"39.57000","10.80552","0.00912"
"39.57600","10.80600","0.00903"
"39.58200","10.80648","0.00904"
"39.58800","10.80696","0.00918"
"39.59400","10.80750","0.00920"
"39.60000","10.80797","0.00918"
"39.60600","10.80845","0.00916"
"39.61200","10.80899","0.00913"
"39.61800","10.80947","0.00918"
"39.62400","10.80995","0.00924"
"39.63000","10.81049","0.00925"
"39.63600","10.81096","0.00929"
"39.64200","10.81144","0.00926"
"39.64800","10.81198","0.00918"
"39.65400","10.81246","0.00925"
"39.66000","10.81300","0.00925"
"39.66600","10.81348","0.00918"
"39.67200","10.81401","0.00911"
"39.67800","10.81449","0.00902"
"39.68400","10.81497","0.00899"
"39.69000","10.81551","0.00902"
"39.69600","10.81599","0.00903"
"39.70200","10.81647","0.00905"
"39.70800","10.81694","0.00908"
"39.71400","10.81748","0.00908"
"39.72000","10.81796","0.00910"
"39.72600","10.81844","0.00905"
"39.73200","10.81892","0.00895"
"39.73800","10.81946","0.00894"
"39.74400","10.81993","0.00896"
"39.75000","10.82041","0.00898"
"39.75600","10.82089","0.00902"
"39.76200","10.82143","0.00902"
"39.76800","10.82191","0.00897"
"39.77400","10.82244","0.00903"
"39.78000","10.82292","0.00907"
"39.78600","10.82346","0.00910"
"39.79200","10.82394","0.00909"
"39.79800","10.82448","0.00898"
"39.80400","10.82495","0.00901"
"39.81000","10.82549","0.00903"
"39.81600","10.82597","0.00896"
"39.82200","10.82651","0.00888"
"39.82800","10.82699","0.00876"
"39.83400","10.82747","0.00869"
"39.84000","10.82800","0.00865"
"39.84600","10.82848","0.00861"
"39.85200","10.82896","0.00859"
"39.85800","10.82950","0.00857"
"39.86400","10.82998","0.00858"
"39.87000","10.83051","0.00860"
"39.87600","10.83099","0.00869"
"39.88200","10.83147","0.00881"
"39.88800","10.83201","0.00895"
"39.89400","10.83249","0.00894"
"39.90000","10.83297","0.00891"
"39.90600","10.83350","0.00895"
"39.91200","10.83398","0.00897"
"39.91800","10.83452","0.00898"
"39.92400","10.83500","0.00889"
"39.93000","10.83548","0.00874"
"39.93600","10.83602","0.00869"
"39.94200","10.83649","0.00865"
"39.94800","10.83703","0.00868"
"39.95400","10.83751","0.00873"
"39.96000","10.83805","0.00872"
"39.96600","10.83853","0.00878"
"39.97200","10.83907","0.00882"
"39.97800","10.83954","0.00872"
"39.98400","10.84002","0.00866"
"39.99000","10.84050","0.00869"
"39.99600","10.84098","0.00869"
"40.00200","10.84152","0.00871"
"40.00800","10.84200","0.00874"
"40.01400","10.84247","0.00881"
"40.02000","10.84301","0.00891"
"40.02600","10.84349","0.00895"
"40.03200","10.84403","0.00901"
"40.03800","10.84451","0.00909"
"40.04400","10.84498","0.00904"
"40.05000","10.84552","0.00902"
"40.05600","10.84600","0.00912"
"40.06200","10.84648","0.00907"
"40.06800","10.84696","0.00897"
"40.07400","10.84750","0.00892"
"40.08000","10.84797","0.00885"
"40.08600","10.84851","0.00878"
"40.09200","10.84899","0.00864"
"40.09800","10.84953","0.00853"
"40.10400","10.85001","0.00852"
"40.11000","10.85054","0.00852"
"40.11600","10.85102","0.00852"
"40.12200","10.85150","0.00854"
"40.12800","10.85198","0.00854"
"40.13400","10.85246","0.00856"
"40.14000","10.85300","0.00866"
"40.14600","10.85347","0.00881"
"40.15200","10.85395","0.00896"
"40.15800","10.85449","0.00906"
"40.16400","10.85497","0.00908"
"40.17000","10.85545","0.00915"
"40.17600","10.85599","0.00909"
"40.18200","10.85646","0.00906"
"40.18800","10.85694","0.00908"
"40.19400","10.85748","0.00901"
"40.20000","10.85796","0.00897"
"40.20600","10.85844","0.00897"
"40.21200","10.85898","0.00898"
"40.21800","10.85945","0.00902"
"40.22400","10.85999","0.00905"
"40.23000","10.86047","0.00905"
"40.23600","10.86101","0.00908"
"40.24200","10.86149","0.00905"
"40.24800","10.86197","0.00906"
"40.25400","10.86250","0.00908"
"40.26000","10.86298","0.00905"
"40.26600","10.86346","0.00892"
"40.27200","10.86400","0.00890"
"40.27800","10.86448","0.00890"
"40.28400","10.86495","0.00892"
"40.29000","10.86543","0.00890"
"40.29600","10.86597","0.00883"
"40.30200","10.86645","0.00891"
"40.30800","10.86693","0.00905"
"40.31400","10.86746","0.00919"
"40.32000","10.86794","0.00936"
"40.32600","10.86842","0.00945"
"40.33200","10.86896","0.00945"
"40.33800","10.86944","0.00942"
"40.34400","10.86992","0.00932"
"40.35000","10.87045","0.00923"
"40.35600","10.87093","0.00923"
"40.36200","10.87147","0.00927"
"40.36800","10.87195","0.00923"
"40.37400","10.87249","0.00919"
"40.38000","10.87297","0.00912"
"40.38600","10.87350","0.00906"
"40.39200","10.87398","0.00895"
"40.39800","10.87452","0.00886"
"40.40400","10.87500","0.00884"
"40.41000","10.87548","0.00869"
"40.41600","10.87601","0.00867"
"40.42200","10.87649","0.00873"
"40.42800","10.87697","0.00878"
"40.43400","10.87751","0.00891"
"40.44000","10.87799","0.00900"
"40.44600","10.87847","0.00904"
"40.45200","10.87894","0.00905"
"40.45800","10.87948","0.00904"
"40.46400","10.87996","0.00902"
"40.47000","10.88044","0.00899"
"40.47600","10.88098","0.00888"
"40.48200","10.88146","0.00872"
"40.48800","10.88193","0.00862"
"40.49400","10.88247","0.00858"
"40.50000","10.88295","0.00860"
"40.50600","10.88349","0.00868"
"40.51200","10.88403","0.00875"
"40.51800","10.88451","0.00885"
"40.52400","10.88504","0.00898"
"40.53000","10.88552","0.00909"
"40.53600","10.88606","0.00917"
"40.54200","10.88654","0.00911"
"40.54800","10.88702","0.00903"
"40.55400","10.88755","0.00903"
"40.56000","10.88803","0.00901"
"40.56600","10.88857","0.00904"
"40.57200","10.88905","0.00911"
"40.57800","10.88953","0.00913"
"40.58400","10.89001","0.00911"
"40.59000","10.89054","0.00911"
"40.59600","10.89102","0.00909"
"40.60200","10.89150","0.00909"
"40.60800","10.89198","0.00913"
"40.61400","10.89252","0.00911"
"40.62000","10.89300","0.00916"
"40.62600","10.89347","0.00921"
"40.63200","10.89395","0.00921"
"40.63800","10.89449","0.00917"
"40.64400","10.89497","0.00909"
"40.65000","10.89551","0.00902"
"40.65600","10.89599","0.00905"
"40.66200","10.89652","0.00909"
"40.66800","10.89700","0.00910"
"40.67400","10.89748","0.00909"
"40.68000","10.89802","0.00909"
"40.68600","10.89850","0.00903"
"40.69200","10.89897","0.00883"
"40.69800","10.89951","0.00871"
"40.70400","10.89999","0.00875"
"40.71000","10.90047","0.00875"
"40.71600","10.90095","0.00877"
"40.72200","10.90143","0.00883"
"40.72800","10.90196","0.00887"
"40.73400","10.90244","0.00888"
"40.74000","10.90292","0.00889"
"40.74600","10.90346","0.00891"
"40.75200","10.90394","0.00901"
"40.75800","10.90448","0.00899"
"40.76400","10.90495","0.00896"
"40.77000","10.90543","0.00900"
"40.77600","10.90597","0.00904"
"40.78200","10.90645","0.00909"
"40.78800","10.90699","0.00918"
"40.79400","10.90746","0.00924"
"40.80000","10.90800","0.00926"
"40.80600","10.90848","0.00923"
"40.81200","10.90902","0.00917"
"40.81800","10.90950","0.00909"
"40.82400","10.90998","0.00899"
"40.83000","10.91051","0.00885"
"40.83600","10.91099","0.00884"
"40.84200","10.91153","0.00890"
"40.84800","10.91201","0.00898"
"40.85400","10.91249","0.00906"
"40.86000","10.91296","0.00903"
"40.86600","10.91350","0.00890"
"40.87200","10.91398","0.00880"
"40.87800","10.91446","0.00872"
"40.88400","10.91500","0.00877"
"40.89000","10.91548","0.00887"
"40.89600","10.91595","0.00893"
"40.90200","10.91649","0.00904"
"40.90800","10.91697","0.00906"
"40.91400","10.91751","0.00910"
"40.92000","10.91799","0.00921"
"40.92600","10.91853","0.00923"
"40.93200","10.91900","0.00918"
"40.93800","10.91948","0.00913"
"40.94400","10.92002","0.00911"
"40.95000","10.92050","0.00919"
"40.95600","10.92104","0.00923"
"40.96200","10.92152","0.00914"
"40.96800","10.92199","0.00905"
"40.97400","10.92253","0.00899"
"40.98000","10.92301","0.00899"
"40.98600","10.92355","0.00909"
"40.99200","10.92403","0.00929"
"40.99800","10.92450","0.00938"
"41.00400","10.92498","0.00941"
"41.01000","10.92546","0.00938"
"41.01600","10.92600","0.00935"
"41.02200","10.92648","0.00941"
"41.02800","10.92696","0.00938"
"41.03400","10.92749","0.00932"
"41.04000","10.92797","0.00925"
"41.04600","10.92845","0.00917"
"41.05200","10.92899","0.00916"
"41.05800","10.92947","0.00907"
"41.06400","10.93001","0.00899"
"41.07000","10.93048","0.00896"
"41.07600","10.93102","0.00892"
"41.08200","10.93150","0.00880"
"41.08800","10.93204","0.00875"
"41.09400","10.93252","0.00874"
"41.10000","10.93305","0.00874"
"41.10600","10.93353","0.00880"
"41.11200","10.93407","0.00885"
"41.11800","10.93455","0.00891"
"41.12400","10.93503","0.00892"
"41.13000","10.93556","0.00893"
"41.13600","10.93604","0.00904"
"41.14200","10.93652","0.00914"
"41.14800","10.93700","0.00916"
"41.15400","10.93754","0.00916"
"41.16000","10.93802","0.00919"
"41.16600","10.93850","0.00924"
"41.17200","10.93897","0.00926"
"41.17800","10.93951","0.00917"
"41.18400","10.93999","0.00900"
"41.19000","10.94047","0.00888"
"41.19600","10.94101","0.00877"
"41.20200","10.94149","0.00876"
"41.20800","10.94196","0.00885"
"41.21400","10.94250","0.00889"
"41.22000","10.94298","0.00900"
"41.22600","10.94352","0.00908"
"41.23200","10.94400","0.00917"
"41.23800","10.94447","0.00937"
"41.24400","10.94501","0.00948"
"41.25000","10.94549","0.00947"
"41.25600","10.94597","0.00939"
"41.26200","10.94651","0.00925"
"41.26800","10.94699","0.00916"
"41.27400","10.94746","0.00907"
"41.28000","10.94794","0.00901"
"41.28600","10.94842","0.00900"
"41.29200","10.94896","0.00898"
"41.29800","10.94944","0.00896"
"41.30400","10.94991","0.00906"
"41.31000","10.95039","0.00914"
"41.31600","10.95093","0.00927"
"41.32200","10.95141","0.00939"
"41.32800","10.95189","0.00934"
"41.33400","10.95237","0.00920"
"41.34000","10.95290","0.00903"
"41.34600","10.95338","0.00889"
"41.35200","10.95386","0.00890"
"41.35800","10.95434","0.00892"
"41.36400","10.95488","0.00887"
"41.37000","10.95542","0.00883"
"41.37600","10.95589","0.00874"
"41.38200","10.95643","0.00867"
"41.38800","10.95697","0.00868"
"41.39400","10.95751","0.00867"
"41.40000","10.95799","0.00867"
"41.40600","10.95852","0.00870"
"41.41200","10.95900","0.00869"
"41.41800","10.95954","0.00881"
"41.42400","10.96002","0.00894"
"41.43000","10.96050","0.00902"
"41.43600","10.96098","0.00908"
"41.44200","10.96145","0.00905"
"41.44800","10.96199","0.00900"
"41.45400","10.96247","0.00899"
"41.46000","10.96301","0.00902"
"41.46600","10.96349","0.00903"
"41.47200","10.96397","0.00898"
"41.47800","10.96450","0.00888"
"41.48400","10.96498","0.00887"
"41.49000","10.96546","0.00895"
"41.49600","10.96600","0.00909"
"41.50200","10.96648","0.00924"
"41.50800","10.96701","0.00932"
"41.51400","10.96749","0.00932"
"41.52000","10.96803","0.00934"
"41.52600","10.96857","0.00936"
"41.53200","10.96905","0.00930"
"41.53800","10.96958","0.00921"
"41.54400","10.97006","0.00908"
"41.55000","10.97054","0.00903"
"41.55600","10.97108","0.00903"
"41.56200","10.97156","0.00901"
"41.56800","10.97204","0.00906"
"41.57400","10.97252","0.00904"
"41.58000","10.97299","0.00890"
"41.58600","10.97347","0.00886"
"41.59200","10.97401","0.00894"
"41.59800","10.97449","0.00907"
"41.60400","10.97497","0.00917"
"41.61000","10.97550","0.00915"
"41.61600","10.97598","0.00905"
"41.62200","10.97646","0.00898"
"41.62800","10.97700","0.00892"
"41.63400","10.97748","0.00893"
"41.64000","10.97796","0.00894"
"41.64600","10.97849","0.00890"
"41.65200","10.97897","0.00888"
"41.65800","10.97951","0.00890"
"41.66400","10.97999","0.00893"
"41.67000","10.98053","0.00901"
"41.67600","10.98101","0.00905"
"41.68200","10.98154","0.00906"
"41.68800","10.98202","0.00910"
"41.69400","10.98256","0.00912"
"41.70000","10.98304","0.00910"
"41.70600","10.98352","0.00915"
"41.71200","10.98400","0.00915"
"41.71800","10.98447","0.00918"
"41.72400","10.98501","0.00918"
"41.73000","10.98549","0.00912"
"41.73600","10.98603","0.00914"
"41.74200","10.98651","0.00918"
"41.74800","10.98698","0.00921"
"41.75400","10.98752","0.00927"
"41.76000","10.98800","0.00930"
"41.76600","10.98848","0.00926"
"41.77200","10.98902","0.00925"
"41.77800","10.98950","0.00926"
"41.78400","10.99003","0.00924"
"41.79000","10.99051","0.00920"
"41.79600","10.99099","0.00913"
"41.80200","10.99153","0.00917"
"41.80800","10.99201","0.00924"
"41.81400","10.99249","0.00925"
"41.82000","10.99302","0.00940"
"41.82600","10.99350","0.00952"
"41.83200","10.99404","0.00953"
"41.83800","10.99452","0.00943"
"41.84400","10.99500","0.00939"
"41.85000","10.99547","0.00934"
"41.85600","10.99601","0.00931"
"41.86200","10.99649","0.00926"
"41.86800","10.99697","0.00919"
"41.87400","10.99745","0.00910"
"41.88000","10.99792","0.00897"
"41.88600","10.99846","0.00887"
"41.89200","10.99894","0.00886"
"41.89800","10.99942","0.00884"
"41.90400","10.99996","0.00890"
"41.91000","11.00044","0.00891"
"41.91600","11.00091","0.00900"
"41.92200","11.00145","0.00920"
"41.92800","11.00193","0.00931"
"41.93400","11.00247","0.00934"
"41.94000","11.00295","0.00933"
"41.94600","11.00349","0.00922"
"41.95200","11.00396","0.00915"
"41.95800","11.00444","0.00911"
"41.96400","11.00498","0.00907"
"41.97000","11.00546","0.00907"
"41.97600","11.00594","0.00900"
"41.98200","11.00648","0.00893"
"41.98800","11.00695","0.00900"
"41.99400","11.00749","0.00909"
"42.00000","11.00797","0.00921"
"42.00600","11.00845","0.00927"
"42.01200","11.00899","0.00924"
"42.01800","11.00947","0.00922"
"42.02400","11.01000","0.00926"
"42.03000","11.01054","0.00931"
"42.03600","11.01102","0.00933"
"42.04200","11.01150","0.00925"
"42.04800","11.01204","0.00910"
"42.05400","11.01252","0.00904"
"42.06000","11.01305","0.00901"
"42.06600","11.01353","0.00909"
"42.07200","11.01401","0.00918"
"42.07800","11.01455","0.00917"
"42.08400","11.01503","0.00920"
"42.09000","11.01550","0.00927"
"42.09600","11.01604","0.00930"
"42.10200","11.01652","0.00928"
"42.10800","11.01700","0.00926"
"42.11400","11.01754","0.00910"
"42.12000","11.01802","0.00901"
"42.12600","11.01849","0.00897"
"42.13200","11.01897","0.00898"
"42.13800","11.01951","0.00905"
"42.14400","11.01999","0.00914"
"42.15000","11.02053","0.00914"
"42.15600","11.02100","0.00913"
"42.16200","11.02154","0.00909"
"42.16800","11.02202","0.00902"
"42.17400","11.02256","0.00893"
"42.18000","11.02304","0.00886"
"42.18600","11.02358","0.00885"
"42.19200","11.02405","0.00891"
"42.19800","11.02453","0.00890"
"42.20400","11.02501","0.00900"
"42.21000","11.02555","0.00908"
"42.21600","11.02603","0.00902"
"42.22200","11.02651","0.00897"
"42.22800","11.02698","0.00892"
"42.23400","11.02752","0.00891"
"42.24000","11.02800","0.00892"
"42.24600","11.02848","0.00883"
"42.25200","11.02896","0.00882"
"42.25800","11.02950","0.00888"
"42.26400","11.02997","0.00899"
"42.27000","11.03045","0.00913"
"42.27600","11.03099","0.00923"
"42.28200","11.03147","0.00928"
"42.28800","11.03195","0.00925"
"42.29400","11.03248","0.00913"
"42.30000","11.03296","0.00899"
"42.30600","11.03350","0.00892"
"42.31200","11.03398","0.00888"
"42.31800","11.03452","0.00888"
"42.32400","11.03500","0.00894"
"42.33000","11.03547","0.00899"
"42.33600","11.03601","0.00903"
"42.34200","11.03649","0.00908"
"42.34800","11.03697","0.00905"
"42.35400","11.03751","0.00906"
"42.36000","11.03798","0.00909"
"42.36600","11.03846","0.00909"
"42.37200","11.03900","0.00909"
"42.37800","11.03948","0.00904"
"42.38400","11.03996","0.00898"
"42.39000","11.04044","0.00894"
"42.39600","11.04097","0.00888"
"42.40200","11.04145","0.00886"
"42.40800","11.04193","0.00881"
"42.41400","11.04241","0.00868"
"42.42000","11.04295","0.00868"
"42.42600","11.04343","0.00878"
"42.43200","11.04396","0.00884"
"42.43800","11.04444","0.00893"
"42.44400","11.04498","0.00906"
"42.45000","11.04546","0.00913"
"42.45600","11.04600","0.00917"
"42.46200","11.04647","0.00914"
"42.46800","11.04695","0.00915"
"42.47400","11.04749","0.00916"
"42.48000","11.04797","0.00923"
"42.48600","11.04851","0.00940"
"42.49200","11.04899","0.00952"
"42.49800","11.04946","0.00954"
"42.50400","11.05000","0.00952"
"42.51000","11.05048","0.00943"
"42.51600","11.05096","0.00927"
"42.52200","11.05150","0.00910"
"42.52800","11.05198","0.00892"
"42.53400","11.05251","0.00882"
"42.54000","11.05299","0.00878"
"42.54600","11.05347","0.00880"
"42.55200","11.05395","0.00888"
"42.55800","11.05449","0.00898"
"42.56400","11.05497","0.00903"
"42.57000","11.05550","0.00909"
"42.57600","11.05598","0.00907"
"42.58200","11.05646","0.00911"
"42.58800","11.05700","0.00909"
"42.59400","11.05754","0.00904"
"42.60000","11.05801","0.00908"
"42.60600","11.05855","0.00918"
"42.61200","11.05903","0.00918"
"42.61800","11.05951","0.00919"
"42.62400","11.06005","0.00925"
"42.63000","11.06053","0.00922"
"42.63600","11.06100","0.00928"
"42.64200","11.06148","0.00939"
"42.64800","11.06202","0.00934"
"42.65400","11.06250","0.00922"
"42.66000","11.06298","0.00910"
"42.66600","11.06352","0.00911"
"42.67200","11.06399","0.00928"
"42.67800","11.06447","0.00942"
"42.68400","11.06501","0.00944"
"42.69000","11.06549","0.00944"
"42.69600","11.06597","0.00938"
"42.70200","11.06650","0.00935"
"42.70800","11.06698","0.00931"
"42.71400","11.06752","0.00917"
"42.72000","11.06800","0.00906"
"42.72600","11.06848","0.00897"
"42.73200","11.06902","0.00890"
"42.73800","11.06955","0.00895"
"42.74400","11.07003","0.00900"
"42.75000","11.07051","0.00902"
"42.75600","11.07105","0.00913"
"42.76200","11.07153","0.00910"
"42.76800","11.07201","0.00906"
"42.77400","11.07254","0.00900"
"42.78000","11.07302","0.00895"
"42.78600","11.07350","0.00892"
"42.79200","11.07404","0.00891"
"42.79800","11.07452","0.00887"
"42.80400","11.07500","0.00883"
"42.81000","11.07553","0.00885"
"42.81600","11.07601","0.00894"
"42.82200","11.07649","0.00904"
"42.82800","11.07703","0.00906"
"42.83400","11.07751","0.00911"
"42.84000","11.07798","0.00925"
"42.84600","11.07852","0.00938"
"42.85200","11.07900","0.00937"
"42.85800","11.07948","0.00925"
"42.86400","11.08002","0.00906"
"42.87000","11.08049","0.00898"
"42.87600","11.08097","0.00899"
"42.88200","11.08151","0.00904"
"42.88800","11.08199","0.00909"
"42.89400","11.08247","0.00910"
"42.90000","11.08301","0.00903"
"42.90600","11.08348","0.00891"
"42.91200","11.08402","0.00881"
"42.91800","11.08450","0.00880"
"42.92400","11.08498","0.00881"
"42.93000","11.08546","0.00879"
"42.93600","11.08600","0.00880"
"42.94200","11.08647","0.00876"
"42.94800","11.08695","0.00870"
"42.95400","11.08743","0.00875"
"42.96000","11.08797","0.00881"
"42.96600","11.08845","0.00884"
"42.97200","11.08899","0.00881"
"42.97800","11.08946","0.00879"
"42.98400","11.09000","0.00881"
"42.99000","11.09048","0.00892"
"42.99600","11.09096","0.00904"
"43.00200","11.09150","0.00917"
"43.00800","11.09198","0.00917"
"43.01400","11.09245","0.00911"
"43.02000","11.09299","0.00910"
"43.02600","11.09347","0.00901"
"43.03200","11.09395","0.00898"
"43.03800","11.09449","0.00906"
"43.04400","11.09496","0.00916"
"43.05000","11.09550","0.00928"
"43.05600","11.09598","0.00928"
"43.06200","11.09646","0.00913"
"43.06800","11.09700","0.00905"
"43.07400","11.09748","0.00904"
"43.08000","11.09795","0.00891"
"43.08600","11.09849","0.00881"
"43.09200","11.09897","0.00879"
"43.09800","11.09951","0.00877"
"43.10400","11.09999","0.00878"
"43.11000","11.10052","0.00880"
"43.11600","11.10100","0.00878"
"43.12200","11.10154","0.00878"
"43.12800","11.10202","0.00866"
"43.13400","11.10256","0.00861"
"43.14000","11.10304","0.00871"
"43.14600","11.10351","0.00872"
"43.15200","11.10405","0.00876"
"43.15800","11.10453","0.00886"
"43.16400","11.10501","0.00889"
"43.17000","11.10549","0.00898"
"43.17600","11.10597","0.00910"
"43.18200","11.10650","0.00917"
"43.18800","11.10698","0.00916"
"43.19400","11.10746","0.00907"
"43.20000","11.10794","0.00900"
"43.20600","11.10848","0.00900"
"43.21200","11.10896","0.00895"
"43.21800","11.10943","0.00898"
"43.22400","11.10997","0.00897"
"43.23000","11.11045","0.00891"
"43.23600","11.11099","0.00875"
"43.24200","11.11147","0.00867"
"43.24800","11.11200","0.00868"
"43.25400","11.11248","0.00874"
"43.26000","11.11302","0.00886"
"43.26600","11.11350","0.00895"
"43.27200","11.11398","0.00904"
"43.27800","11.11452","0.00905"
"43.28400","11.11499","0.00911"
"43.29000","11.11547","0.00925"
"43.29600","11.11595","0.00929"
"43.30200","11.11649","0.00928"
"43.30800","11.11697","0.00926"
"43.31400","11.11744","0.00919"
"43.32000","11.11798","0.00924"
"43.32600","11.11846","0.00928"
"43.33200","11.11894","0.00927"
"43.33800","11.11942","0.00929"
"43.34400","11.11996","0.00916"
"43.35000","11.12043","0.00912"
"43.35600","11.12091","0.00918"
"43.36200","11.12145","0.00926"
"43.36800","11.12193","0.00930"
"43.37400","11.12247","0.00930"
"43.38000","11.12294","0.00920"
"43.38600","11.12348","0.00916"
"43.39200","11.12396","0.00916"
"43.39800","11.12444","0.00919"
"43.40400","11.12498","0.00923"
"43.41000","11.12546","0.00923"
"43.41600","11.12599","0.00920"
"43.42200","11.12647","0.00920"
"43.42800","11.12695","0.00921"
"43.43400","11.12743","0.00917"
"43.44000","11.12797","0.00909"
"43.44600","11.12845","0.00894"
"43.45200","11.12892","0.00885"
"43.45800","11.12946","0.00884"
"43.46400","11.12994","0.00883"
"43.47000","11.13042","0.00883"
"43.47600","11.13090","0.00879"
"43.48200","11.13144","0.00868"
"43.48800","11.13191","0.00860"
"43.49400","11.13239","0.00855"
"43.50000","11.13287","0.00861"
"43.50600","11.13341","0.00870"
"43.51200","11.13389","0.00868"
"43.51800","11.13443","0.00867"
"43.52400","11.13490","0.00868"
"43.53000","11.13544","0.00862"
"43.53600","11.13592","0.00862"
"43.54200","11.13646","0.00870"
"43.54800","11.13700","0.00873"
"43.55400","11.13747","0.00879"
"43.56000","11.13795","0.00885"
"43.56600","11.13849","0.00897"
"43.57200","11.13897","0.00912"
"43.57800","11.13945","0.00924"
"43.58400","11.13999","0.00932"
"43.59000","11.14046","0.00938"
"43.59600","11.14094","0.00933"
"43.60200","11.14142","0.00939"
"43.60800","11.14196","0.00943"
"43.61400","11.14244","0.00938"
"43.62000","11.14292","0.00937"
"43.62600","11.14345","0.00929"
"43.63200","11.14393","0.00916"
"43.63800","11.14441","0.00910"
"43.64400","11.14495","0.00911"
"43.65000","11.14543","0.00909"
"43.65600","11.14597","0.00903"
"43.66200","11.14644","0.00894"
"43.66800","11.14698","0.00887"
"43.67400","11.14746","0.00889"
"43.68000","11.14800","0.00890"
"43.68600","11.14848","0.00895"
"43.69200","11.14901","0.00894"
"43.69800","11.14949","0.00881"
"43.70400","11.15003","0.00885"
"43.71000","11.15051","0.00889"
"43.71600","11.15099","0.00897"
"43.72200","11.15153","0.00906"
"43.72800","11.15200","0.00912"
"43.73400","11.15248","0.00919"
"43.74000","11.15296","0.00929"
"43.74600","11.15350","0.00933"
"43.75200","11.15398","0.00934"
"43.75800","11.15446","0.00924"
"43.76400","11.15499","0.00906"
"43.77000","11.15547","0.00893"
"43.77600","11.15601","0.00882"
"43.78200","11.15649","0.00877"
"43.78800","11.15697","0.00873"
"43.79400","11.15750","0.00864"
"43.80000","11.15798","0.00862"
"43.80600","11.15852","0.00867"
"43.81200","11.15900","0.00866"
"43.81800","11.15948","0.00867"
"43.82400","11.16002","0.00874"
"43.83000","11.16049","0.00881"
"43.83600","11.16103","0.00883"
"43.84200","11.16151","0.00883"
"43.84800","11.16199","0.00881"
"43.85400","11.16247","0.00880"
"43.86000","11.16300","0.00883"
"43.86600","11.16348","0.00883"
"43.87200","11.16396","0.00882"
"43.87800","11.16444","0.00874"
"43.88400","11.16492","0.00865"
"43.89000","11.16546","0.00865"
"43.89600","11.16593","0.00869"
"43.90200","11.16641","0.00884"
"43.90800","11.16689","0.00893"
"43.91400","11.16743","0.00889"
"43.92000","11.16791","0.00894"
"43.92600","11.16838","0.00904"
"43.93200","11.16892","0.00907"
"43.93800","11.16940","0.00914"
"43.94400","11.16994","0.00916"
"43.95000","11.17042","0.00918"
"43.95600","11.17096","0.00924"
"43.96200","11.17143","0.00912"
"43.96800","11.17197","0.00903"
"43.97400","11.17245","0.00896"
"43.98000","11.17299","0.00889"
"43.98600","11.17347","0.00895"
"43.99200","11.17401","0.00905"
"43.99800","11.17448","0.00921"
"44.00400","11.17496","0.00932"
"44.01000","11.17550","0.00938"
"44.01600","11.17598","0.00934"
"44.02200","11.17646","0.00925"
"44.02800","11.17694","0.00912"
"44.03400","11.17741","0.00901"
"44.04000","11.17795","0.00893"
"44.04600","11.17843","0.00883"
"44.05200","11.17891","0.00886"
"44.05800","11.17945","0.00897"
"44.06400","11.17993","0.00898"
"44.07000","11.18040","0.00896"
"44.07600","11.18094","0.00897"
"44.08200","11.18142","0.00891"
"44.08800","11.18196","0.00881"
"44.09400","11.18250","0.00875"
"44.10000","11.18297","0.00871"
"44.10600","11.18351","0.00877"
"44.11200","11.18399","0.00879"
"44.11800","11.18453","0.00883"
"44.12400","11.18501","0.00886"
"44.13000","11.18555","0.00882"
"44.13600","11.18602","0.00877"
"44.14200","11.18650","0.00872"
"44.14800","11.18704","0.00874"
"44.15400","11.18752","0.00876"
"44.16000","11.18800","0.00880"
"44.16600","11.18853","0.00884"
"44.17200","11.18901","0.00885"
"44.17800","11.18949","0.00882"
"44.18400","11.18997","0.00879"
"44.19000","11.19051","0.00877"
"44.19600","11.19099","0.00874"
"44.20200","11.19147","0.00869"
"44.20800","11.19200","0.00868"
"44.21400","11.19248","0.00871"
"44.22000","11.19296","0.00879"
"44.22600","11.19350","0.00887"
"44.23200","11.19398","0.00894"
"44.23800","11.19451","0.00898"
"44.24400","11.19499","0.00892"
"44.25000","11.19553","0.00882"
"44.25600","11.19601","0.00883"
"44.26200","11.19655","0.00885"
"44.26800","11.19703","0.00881"
"44.27400","11.19750","0.00877"
"44.28000","11.19804","0.00882"
"44.28600","11.19852","0.00888"
"44.29200","11.19900","0.00889"
"44.29800","11.19948","0.00884"
"44.30400","11.20001","0.00877"
"44.31000","11.20049","0.00866"
"44.31600","11.20097","0.00862"
"44.32200","11.20151","0.00862"
"44.32800","11.20199","0.00862"
"44.33400","11.20253","0.00864"
"44.34000","11.20300","0.00875"
"44.34600","11.20348","0.00882"
"44.35200","11.20402","0.00878"
"44.35800","11.20450","0.00885"
"44.36400","11.20504","0.00887"
"44.37000","11.20552","0.00888"
"44.37600","11.20599","0.00883"
"44.38200","11.20653","0.00878"
"44.38800","11.20701","0.00885"
"44.39400","11.20755","0.00893"
"44.40000","11.20809","0.00894"
"44.40600","11.20856","0.00900"
"44.41200","11.20904","0.00897"
"44.41800","11.20958","0.00890"
"44.42400","11.21006","0.00893"
"44.43000","11.21054","0.00896"
"44.43600","11.21102","0.00900"
"44.44200","11.21149","0.00908"
"44.44800","11.21197","0.00914"
"44.45400","11.21251","0.00917"
"44.46000","11.21299","0.00910"
"44.46600","11.21347","0.00904"
"44.47200","11.21395","0.00910"
"44.47800","11.21448","0.00913"
"44.48400","11.21496","0.00909"
"44.49000","11.21544","0.00904"
"44.49600","11.21592","0.00889"
"44.50200","11.21646","0.00875"
"44.50800","11.21694","0.00865"
"44.51400","11.21741","0.00853"
"44.52000","11.21795","0.00852"
"44.52600","11.21843","0.00855"
"44.53200","11.21897","0.00864"
"44.53800","11.21945","0.00879"
"44.54400","11.21998","0.00888"
"44.55000","11.22046","0.00891"
"44.55600","11.22100","0.00896"
"44.56200","11.22148","0.00890"
"44.56800","11.22196","0.00891"
"44.57400","11.22250","0.00901"
"44.58000","11.22297","0.00903"
"44.58600","11.22345","0.00900"
"44.59200","11.22393","0.00903"
"44.59800","11.22447","0.00906"
"44.60400","11.22495","0.00908"
"44.61000","11.22543","0.00909"
"44.61600","11.22596","0.00905"
"44.62200","11.22644","0.00908"
"44.62800","11.22698","0.00910"
"44.63400","11.22746","0.00907"
"44.64000","11.22800","0.00912"
"44.64600","11.22847","0.00908"
"44.65200","11.22895","0.00904"
"44.65800","11.22949","0.00902"
"44.66400","11.22997","0.00894"
"44.67000","11.23051","0.00888"
"44.67600","11.23099","0.00880"
"44.68200","11.23152","0.00874"
"44.68800","11.23200","0.00874"
"44.69400","11.23254","0.00874"
"44.70000","11.23302","0.00870"
"44.70600","11.23356","0.00874"
"44.71200","11.23403","0.00877"
"44.71800","11.23451","0.00883"
"44.72400","11.23505","0.00891"
"44.73000","11.23553","0.00895"
"44.73600","11.23601","0.00894"
"44.74200","11.23649","0.00888"
"44.74800","11.23702","0.00880"
"44.75400","11.23750","0.00881"
"44.76000","11.23798","0.00890"
"44.76600","11.23852","0.00896"
"44.77200","11.23900","0.00896"
"44.77800","11.23948","0.00894"
"44.78400","11.23995","0.00893"
"44.79000","11.24049","0.00900"
"44.79600","11.24097","0.00901"
"44.80200","11.24145","0.00900"
"44.80800","11.24199","0.00901"
"44.81400","11.24247","0.00899"
"44.82000","11.24294","0.00903"
"44.82600","11.24348","0.00916"
"44.83200","11.24396","0.00928"
"44.83800","11.24450","0.00931"
"44.84400","11.24498","0.00921"
"44.85000","11.24551","0.00904"
"44.85600","11.24599","0.00888"
"44.86200","11.24647","0.00875"
"44.86800","11.24701","0.00866"
"44.87400","11.24749","0.00875"
"44.88000","11.24797","0.00883"
"44.88600","11.24850","0.00892"
"44.89200","11.24898","0.00895"
"44.89800","11.24946","0.00891"
"44.90400","11.25000","0.00895"
"44.91000","11.25048","0.00895"
"44.91600","11.25102","0.00894"
"44.92200","11.25149","0.00894"
"44.92800","11.25197","0.00891"
"44.93400","11.25245","0.00882"
"44.94000","11.25299","0.00873"
"44.94600","11.25347","0.00864"
"44.95200","11.25394","0.00862"
"44.95800","11.25448","0.00859"
"44.96400","11.25496","0.00849"
"44.97000","11.25550","0.00847"
"44.97600","11.25598","0.00850"
"44.98200","11.25652","0.00853"
"44.98800","11.25699","0.00868"
"44.99400","11.25747","0.00881"
"45.00000","11.25795","0.00890"
"45.00600","11.25849","0.00903"
"45.01200","11.25897","0.00902"
"45.01800","11.25945","0.00903"
"45.02400","11.25992","0.00897"
"45.03000","11.26040","0.00891"
"45.03600","11.26094","0.00888"
"45.04200","11.26142","0.00895"
"45.04800","11.26190","0.00900"
"45.05400","11.26244","0.00907"
"45.06000","11.26291","0.00910"
"45.06600","11.26345","0.00906"
"45.07200","11.26393","0.00908"
"45.07800","11.26441","0.00913"
"45.08400","11.26495","0.00920"
"45.09000","11.26542","0.00925"
"45.09600","11.26590","0.00920"
"45.10200","11.26638","0.00908"
"45.10800","11.26692","0.00910"
"45.11400","11.26740","0.00917"
"45.12000","11.26794","0.00918"
"45.12600","11.26841","0.00917"
"45.13200","11.26895","0.00915"
"45.13800","11.26943","0.00907"
"45.14400","11.26997","0.00899"
"45.15000","11.27045","0.00892"
"45.15600","11.27093","0.00886"
"45.16200","11.27146","0.00874"
"45.16800","11.27194","0.00869"
"45.17400","11.27242","0.00871"
"45.18000","11.27296","0.00874"
"45.18600","11.27344","0.00879"
"45.19200","11.27397","0.00885"
"45.19800","11.27445","0.00887"
"45.20400","11.27499","0.00893"
"45.21000","11.27547","0.00893"
"45.21600","11.27595","0.00898"
"45.22200","11.27649","0.00910"
"45.22800","11.27696","0.00905"
"45.23400","11.27750","0.00891"
"45.24000","11.27798","0.00883"
"45.24600","11.27852","0.00873"
"45.25200","11.27900","0.00864"
"45.25800","11.27953","0.00864"
"45.26400","11.28001","0.00861"
"45.27000","11.28055","0.00860"
"45.27600","11.28103","0.00866"
"45.28200","11.28157","0.00874"
"45.28800","11.28205","0.00888"
"45.29400","11.28252","0.00896"
"45.30000","11.28300","0.00900"
"45.30600","11.28354","0.00909"
"45.31200","11.28402","0.00911"
"45.31800","11.28450","0.00912"
"45.32400","11.28498","0.00911"
"45.33000","11.28545","0.00912"
"45.33600","11.28599","0.00908"
"45.34200","11.28647","0.00906"
"45.34800","11.28695","0.00897"
"45.35400","11.28749","0.00890"
"45.36000","11.28796","0.00879"
"45.36600","11.28850","0.00872"
"45.37200","11.28898","0.00876"
"45.37800","11.28946","0.00874"
"45.38400","11.29000","0.00868"
"45.39000","11.29048","0.00858"
"45.39600","11.29101","0.00847"
"45.40200","11.29149","0.00852"
"45.40800","11.29203","0.00860"
"45.41400","11.29251","0.00861"
"45.42000","11.29305","0.00867"
"45.42600","11.29353","0.00865"
"45.43200","11.29400","0.00864"
"45.43800","11.29448","0.00878"
"45.44400","11.29502","0.00894"
"45.45000","11.29550","0.00901"
"45.45600","11.29598","0.00910"
"45.46200","11.29645","0.00915"
"45.46800","11.29693","0.00909"
"45.47400","11.29747","0.00903"
"45.48000","11.29795","0.00906"
"45.48600","11.29843","0.00916"
"45.49200","11.29891","0.00919"
"45.49800","11.29944","0.00916"
"45.50400","11.29992","0.00916"
"45.51000","11.30040","0.00917"
"45.51600","11.30094","0.00917"
"45.52200","11.30142","0.00921"
"45.52800","11.30196","0.00924"
"45.53400","11.30243","0.00925"
"45.54000","11.30297","0.00929"
"45.54600","11.30345","0.00927"
"45.55200","11.30399","0.00921"
"45.55800","11.30447","0.00915"
"45.56400","11.30500","0.00906"
"45.57000","11.30548","0.00900"
"45.57600","11.30596","0.00896"
"45.58200","11.30650","0.00894"
"45.58800","11.30698","0.00888"
"45.59400","11.30746","0.00878"
"45.60000","11.30799","0.00863"
"45.60600","11.30847","0.00861"
"45.61200","11.30895","0.00858"
"45.61800","11.30949","0.00855"
"45.62400","11.30997","0.00855"
"45.63000","11.31045","0.00853"
"45.63600","11.31092","0.00854"
"45.64200","11.31140","0.00856"
"45.64800","11.31194","0.00864"
"45.65400","11.31242","0.00877"
"45.66000","11.31290","0.00885"
"45.66600","11.31344","0.00887"
"45.67200","11.31391","0.00893"
"45.67800","11.31445","0.00898"
"45.68400","11.31493","0.00898"
"45.69000","11.31547","0.00897"
"45.69600","11.31601","0.00890"
"45.70200","11.31648","0.00895"
"45.70800","11.31696","0.00904"
"45.71400","11.31750","0.00902"
"45.72000","11.31798","0.00904"
"45.72600","11.31846","0.00906"
"45.73200","11.31900","0.00904"
"45.73800","11.31947","0.00904"
"45.74400","11.32001","0.00906"
"45.75000","11.32049","0.00906"
"45.75600","11.32097","0.00911"
"45.76200","11.32151","0.00913"
"45.76800","11.32199","0.00914"
"45.77400","11.32246","0.00916"
"45.78000","11.32300","0.00911"
"45.78600","11.32348","0.00905"
"45.79200","11.32396","0.00899"
"45.79800","11.32450","0.00896"
"45.80400","11.32498","0.00902"
"45.81000","11.32551","0.00904"
"45.81600","11.32599","0.00902"
"45.82200","11.32653","0.00906"
"45.82800","11.32701","0.00902"
"45.83400","11.32755","0.00895"
"45.84000","11.32802","0.00895"
"45.84600","11.32856","0.00898"
"45.85200","11.32904","0.00896"
"45.85800","11.32952","0.00895"
"45.86400","11.33000","0.00893"
"45.87000","11.33054","0.00892"
"45.87600","11.33101","0.00890"
"45.88200","11.33149","0.00886"
"45.88800","11.33203","0.00895"
"45.89400","11.33251","0.00898"
"45.90000","11.33305","0.00895"
"45.90600","11.33352","0.00901"
"45.91200","11.33400","0.00904"
"45.91800","11.33454","0.00904"
"45.92400","11.33502","0.00909"
"45.93000","11.33550","0.00915"
"45.93600","11.33604","0.00918"
"45.94200","11.33651","0.00915"
"45.94800","11.33699","0.00903"
"45.95400","11.33753","0.00903"
"45.96000","11.33801","0.00902"
"45.96600","11.33849","0.00896"
"45.97200","11.33903","0.00901"
"45.97800","11.33950","0.00905"
"45.98400","11.33998","0.00898"
"45.99000","11.34052","0.00898"
"45.99600","11.34100","0.00900"
"46.00200","11.34148","0.00906"
"46.00800","11.34202","0.00918"
"46.01400","11.34249","0.00919"
"46.02000","11.34303","0.00924"
"46.02600","11.34351","0.00918"
"46.03200","11.34399","0.00906"
"46.03800","11.34453","0.00897"
"46.04400","11.34501","0.00883"
"46.05000","11.34548","0.00865"
"46.05600","11.34602","0.00856"
"46.06200","11.34650","0.00849"
"46.06800","11.34698","0.00850"
"46.07400","11.34746","0.00852"
"46.08000","11.34799","0.00857"
"46.08600","11.34847","0.00862"
"46.09200","11.34901","0.00867"
"46.09800","11.34949","0.00873"
"46.10400","11.34997","0.00886"
"46.11000","11.35050","0.00898"
"46.11600","11.35098","0.00909"
"46.12200","11.35146","0.00918"
"46.12800","11.35200","0.00917"
"46.13400","11.35248","0.00909"
"46.14000","11.35296","0.00905"
"46.14600","11.35349","0.00900"
"46.15200","11.35397","0.00903"
"46.15800","11.35445","0.00902"
"46.16400","11.35499","0.00891"
"46.17000","11.35547","0.00885"
"46.17600","11.35595","0.00885"
"46.18200","11.35648","0.00881"
"46.18800","11.35696","0.00886"
"46.19400","11.35750","0.00901"
"46.20000","11.35798","0.00913"
"46.20600","11.35846","0.00924"
"46.21200","11.35894","0.00925"
"46.21800","11.35947","0.00921"
"46.22400","11.35995","0.00915"
"46.23000","11.36043","0.00903"
"46.23600","11.36097","0.00894"
"46.24200","11.36145","0.00887"
"46.24800","11.36198","0.00885"
"46.25400","11.36246","0.00888"
"46.26000","11.36294","0.00889"
"46.26600","11.36348","0.00885"
"46.27200","11.36396","0.00878"
"46.27800","11.36450","0.00866"
"46.28400","11.36497","0.00855"
"46.29000","11.36545","0.00855"
"46.29600","11.36599","0.00861"
"46.30200","11.36647","0.00873"
"46.30800","11.36695","0.00891"
"46.31400","11.36749","0.00901"
"46.32000","11.36796","0.00915"
"46.32600","11.36850","0.00922"
"46.33200","11.36898","0.00922"
"46.33800","11.36952","0.00923"
"46.34400","11.37000","0.00919"
"46.35000","11.37047","0.00914"
"46.35600","11.37101","0.00910"
"46.36200","11.37149","0.00911"
"46.36800","11.37203","0.00915"
"46.37400","11.37251","0.00919"
"46.38000","11.37299","0.00924"
"46.38600","11.37352","0.00926"
"46.39200","11.37400","0.00924"
"46.39800","11.37448","0.00919"
"46.40400","11.37502","0.00926"
"46.41000","11.37550","0.00923"
"46.41600","11.37604","0.00919"
"46.42200","11.37651","0.00924"
"46.42800","11.37699","0.00923"
"46.43400","11.37753","0.00913"
"46.44000","11.37801","0.00903"
"46.44600","11.37849","0.00901"
"46.45200","11.37902","0.00894"
"46.45800","11.37950","0.00889"
"46.46400","11.38004","0.00880"
"46.47000","11.38052","0.00878"
"46.47600","11.38100","0.00877"
"46.48200","11.38154","0.00879"
"46.48800","11.38201","0.00881"
"46.49400","11.38255","0.00885"
"46.50000","11.38303","0.00893"
"46.50600","11.38351","0.00903"
"46.51200","11.38399","0.00910"
"46.51800","11.38453","0.00910"
"46.52400","11.38500","0.00914"
"46.53000","11.38548","0.00910"
"46.53600","11.38602","0.00907"
"46.54200","11.38650","0.00902"
"46.54800","11.38698","0.00896"
"46.55400","11.38752","0.00902"
"46.56000","11.38799","0.00907"
"46.56600","11.38853","0.00905"
"46.57200","11.38901","0.00907"
"46.57800","11.38949","0.00903"
"46.58400","11.39003","0.00898"
"46.59000","11.39050","0.00890"
"46.59600","11.39098","0.00876"
"46.60200","11.39152","0.00866"
"46.60800","11.39200","0.00864"
"46.61400","11.39248","0.00864"
"46.62000","11.39295","0.00873"
"46.62600","11.39343","0.00885"
"46.63200","11.39397","0.00889"
"46.63800","11.39445","0.00894"
"46.64400","11.39493","0.00902"
"46.65000","11.39541","0.00905"
"46.65600","11.39594","0.00908"
"46.66200","11.39642","0.00911"
"46.66800","11.39696","0.00912"
"46.67400","11.39744","0.00910"
"46.68000","11.39798","0.00912"
"46.68600","11.39846","0.00914"
"46.69200","11.39893","0.00911"
"46.69800","11.39947","0.00896"
"46.70400","11.39995","0.00889"
"46.71000","11.40043","0.00887"
"46.71600","11.40097","0.00886"
"46.72200","11.40145","0.00888"
"46.72800","11.40192","0.00892"
"46.73400","11.40246","0.00890"
"46.74000","11.40294","0.00889"
"46.74600","11.40342","0.00882"
"46.75200","11.40396","0.00883"
"46.75800","11.40444","0.00887"
"46.76400","11.40491","0.00887"
"46.77000","11.40539","0.00892"
"46.77600","11.40593","0.00889"
"46.78200","11.40641","0.00882"
"46.78800","11.40695","0.00871"
"46.79400","11.40742","0.00858"
"46.80000","11.40796","0.00849"
"46.80600","11.40844","0.00849"
"46.81200","11.40898","0.00852"
"46.81800","11.40946","0.00866"
"46.82400","11.41000","0.00879"
"46.83000","11.41053","0.00893"
"46.83600","11.41101","0.00905"
"46.84200","11.41155","0.00908"
"46.84800","11.41203","0.00897"
"46.85400","11.41257","0.00892"
"46.86000","11.41304","0.00891"
"46.86600","11.41352","0.00892"
"46.87200","11.41406","0.00905"
"46.87800","11.41454","0.00913"
"46.88400","11.41508","0.00911"
"46.89000","11.41556","0.00899"
"46.89600","11.41603","0.00887"
"46.90200","11.41657","0.00879"
"46.90800","11.41705","0.00877"
"46.91400","11.41753","0.00871"
"46.92000","11.41801","0.00876"
"46.92600","11.41849","0.00888"
"46.93200","11.41902","0.00895"
"46.93800","11.41950","0.00908"
"46.94400","11.41998","0.00913"
"46.95000","11.42052","0.00914"
"46.95600","11.42100","0.00921"
"46.96200","11.42148","0.00921"
"46.96800","11.42201","0.00913"
"46.97400","11.42255","0.00906"
"46.98000","11.42303","0.00903"
"46.98600","11.42351","0.00898"
"46.99200","11.42405","0.00893"
"46.99800","11.42452","0.00887"
"47.00400","11.42506","0.00892"
"47.01000","11.42554","0.00893"
"47.01600","11.42602","0.00892"
"47.02200","11.42650","0.00900"
"47.02800","11.42698","0.00909"
"47.03400","11.42751","0.00910"
"47.04000","11.42799","0.00908"
"47.04600","11.42847","0.00900"
"47.05200","11.42901","0.00890"
"47.05800","11.42949","0.00879"
"47.06400","11.42997","0.00870"
"47.07000","11.43050","0.00872"
"47.07600","11.43098","0.00874"
"47.08200","11.43152","0.00875"
"47.08800","11.43200","0.00878"
"47.09400","11.43248","0.00875"
"47.10000","11.43301","0.00867"
"47.10600","11.43349","0.00865"
"47.11200","11.43403","0.00869"
"47.11800","11.43451","0.00880"
"47.12400","11.43505","0.00899"
"47.13000","11.43552","0.00907"
"47.13600","11.43606","0.00915"
"47.14200","11.43654","0.00922"
"47.14800","11.43702","0.00912"
"47.15400","11.43756","0.00913"
"47.16000","11.43804","0.00919"
"47.16600","11.43851","0.00915"
"47.17200","11.43899","0.00914"
"47.17800","11.43947","0.00912"
"47.18400","11.43995","0.00908"
"47.19000","11.44043","0.00905"
"47.19600","11.44097","0.00893"
"47.20200","11.44145","0.00887"
"47.20800","11.44198","0.00887"
"47.21400","11.44246","0.00888"
"47.22000","11.44294","0.00891"
"47.22600","11.44348","0.00897"
"47.23200","11.44396","0.00898"
"47.23800","11.44443","0.00894"
"47.24400","11.44491","0.00889"
"47.25000","11.44545","0.00886"
"47.25600","11.44593","0.00884"
"47.26200","11.44647","0.00884"
"47.26800","11.44695","0.00896"
"47.27400","11.44748","0.00909"
"47.28000","11.44796","0.00908"
"47.28600","11.44850","0.00904"
"47.29200","11.44898","0.00901"
"47.29800","11.44946","0.00899"
"47.30400","11.44999","0.00904"
"47.31000","11.45047","0.00902"
"47.31600","11.45095","0.00899"
"47.32200","11.45143","0.00906"
"47.32800","11.45197","0.00915"
"47.33400","11.45245","0.00917"
"47.34000","11.45292","0.00914"
"47.34600","11.45346","0.00908"
"47.35200","11.45394","0.00905"
"47.35800","11.45448","0.00908"
"47.36400","11.45496","0.00901"
"47.37000","11.45544","0.00900"
"47.37600","11.45597","0.00899"
"47.38200","11.45645","0.00890"
"47.38800","11.45699","0.00885"
"47.39400","11.45747","0.00882"
"47.40000","11.45795","0.00881"
"47.40600","11.45849","0.00883"
"47.41200","11.45902","0.00888"
"47.41800","11.45950","0.00899"
"47.42400","11.45998","0.00904"
"47.43000","11.46052","0.00907"
"47.43600","11.46100","0.00909"
"47.44200","11.46148","0.00912"
"47.44800","11.46201","0.00905"
"47.45400","11.46249","0.00894"
"47.46000","11.46303","0.00885"
"47.46600","11.46351","0.00882"
"47.47200","11.46399","0.00884"
"47.47800","11.46452","0.00885"
"47.48400","11.46500","0.00887"
"47.49000","11.46548","0.00892"
"47.49600","11.46602","0.00895"
"47.50200","11.46650","0.00900"
"47.50800","11.46698","0.00904"
"47.51400","11.46751","0.00906"
"47.52000","11.46799","0.00915"
"47.52600","11.46853","0.00916"
"47.53200","11.46901","0.00912"
"47.53800","11.46949","0.00910"
"47.54400","11.47002","0.00900"
"47.55000","11.47050","0.00886"
"47.55600","11.47104","0.00878"
"47.56200","11.47152","0.00872"
"47.56800","11.47200","0.00869"
"47.57400","11.47254","0.00867"
"47.58000","11.47301","0.00862"
"47.58600","11.47349","0.00864"
"47.59200","11.47397","0.00868"
"47.59800","11.47451","0.00868"
"47.60400","11.47499","0.00876"
"47.61000","11.47546","0.00883"
"47.61600","11.47600","0.00889"
"47.62200","11.47648","0.00897"
"47.62800","11.47696","0.00900"
"47.63400","11.47750","0.00891"
"47.64000","11.47797","0.00882"
"47.64600","11.47845","0.00870"
"47.65200","11.47899","0.00860"
"47.65800","11.47947","0.00864"
"47.66400","11.47995","0.00875"
"47.67000","11.48049","0.00887"
"47.67600","11.48096","0.00902"
"47.68200","11.48144","0.00904"
"47.68800","11.48198","0.00905"
"47.69400","11.48246","0.00912"
"47.70000","11.48300","0.00917"
"47.70600","11.48348","0.00914"
"47.71200","11.48401","0.00906"
"47.71800","11.48449","0.00904"
"47.72400","11.48497","0.00905"
"47.73000","11.48545","0.00902"
"47.73600","11.48593","0.00901"
"47.74200","11.48647","0.00897"
"47.74800","11.48694","0.00886"
"47.75400","11.48748","0.00881"
"47.76000","11.48796","0.00889"
"47.76600","11.48844","0.00895"
"47.77200","11.48898","0.00894"
"47.77800","11.48946","0.00888"
"47.78400","11.48993","0.00887"
"47.79000","11.49047","0.00892"
"47.79600","11.49095","0.00897"
"47.80200","11.49143","0.00912"
"47.80800","11.49191","0.00925"
"47.81400","11.49244","0.00921"
"47.82000","11.49292","0.00910"
"47.82600","11.49340","0.00913"
"47.83200","11.49394","0.00919"
"47.83800","11.49442","0.00922"
"47.84400","11.49496","0.00920"
"47.85000","11.49543","0.00916"
"47.85600","11.49597","0.00909"
"47.86200","11.49645","0.00898"
"47.86800","11.49693","0.00898"
"47.87400","11.49747","0.00896"
"47.88000","11.49795","0.00888"
"47.88600","11.49842","0.00878"
"47.89200","11.49896","0.00871"
"47.89800","11.49944","0.00862"
"47.90400","11.49992","0.00862"
"47.91000","11.50046","0.00862"
"47.91600","11.50094","0.00859"
"47.92200","11.50147","0.00863"
"47.92800","11.50195","0.00863"
"47.93400","11.50243","0.00876"
"47.94000","11.50297","0.00890"
"47.94600","11.50345","0.00890"
"47.95200","11.50399","0.00882"
"47.95800","11.50446","0.00876"
"47.96400","11.50494","0.00872"
"47.97000","11.50548","0.00877"
"47.97600","11.50596","0.00885"
"47.98200","11.50650","0.00884"
"47.98800","11.50703","0.00886"
"47.99400","11.50751","0.00892"
"48.00000","11.50805","0.00898"
"48.00600","11.50853","0.00910"
"48.01200","11.50901","0.00909"
"48.01800","11.50949","0.00905"
"48.02400","11.51002","0.00897"
"48.03000","11.51050","0.00883"
"48.03600","11.51098","0.00863"
"48.04200","11.51152","0.00857"
"48.04800","11.51200","0.00858"
"48.05400","11.51248","0.00861"
"48.06000","11.51301","0.00865"
"48.06600","11.51349","0.00872"
"48.07200","11.51397","0.00875"
"48.07800","11.51451","0.00877"
"48.08400","11.51499","0.00879"
"48.09000","11.51552","0.00881"
"48.09600","11.51600","0.00878"
"48.10200","11.51648","0.00869"
"48.10800","11.51702","0.00866"
"48.11400","11.51750","0.00865"
"48.12000","11.51803","0.00876"
"48.12600","11.51851","0.00899"
"48.13200","11.51905","0.00910"
"48.13800","11.51953","0.00915"
"48.14400","11.52007","0.00915"
"48.15000","11.52055","0.00910"
"48.15600","11.52102","0.00906"
"48.16200","11.52156","0.00903"
"48.16800","11.52204","0.00908"
"48.17400","11.52252","0.00912"
"48.18000","11.52300","0.00909"
"48.18600","11.52348","0.00912"
"48.19200","11.52395","0.00920"
"48.19800","11.52449","0.00923"
"48.20400","11.52497","0.00924"
"48.21000","11.52545","0.00921"
"48.21600","11.52599","0.00907"
"48.22200","11.52647","0.00899"
"48.22800","11.52694","0.00894"
"48.23400","11.52742","0.00898"
"48.24000","11.52796","0.00905"
"48.24600","11.52844","0.00902"
"48.25200","11.52892","0.00900"
"48.25800","11.52946","0.00904"
"48.26400","11.52993","0.00902"
"48.27000","11.53047","0.00912"
"48.27600","11.53095","0.00917"
"48.28200","11.53149","0.00915"
"48.28800","11.53197","0.00914"
"48.29400","11.53244","0.00916"
"48.30000","11.53298","0.00919"
"48.30600","11.53346","0.00921"
"48.31200","11.53394","0.00917"
"48.31800","11.53442","0.00914"
"48.32400","11.53490","0.00919"
"48.33000","11.53543","0.00918"
"48.33600","11.53591","0.00917"
"48.34200","11.53639","0.00921"
"48.34800","11.53693","0.00916"
"48.35400","11.53741","0.00915"
"48.36000","11.53789","0.00913"
"48.36600","11.53842","0.00914"
"48.37200","11.53890","0.00921"
"48.37800","11.53938","0.00924"
"48.38400","11.53992","0.00922"
"48.39000","11.54040","0.00915"
"48.39600","11.54093","0.00906"
"48.40200","11.54141","0.00911"
"48.40800","11.54195","0.00929"
"48.41400","11.54249","0.00930"
"48.42000","11.54297","0.00922"
"48.42600","11.54351","0.00916"
"48.43200","11.54398","0.00907"
"48.43800","11.54452","0.00907"
"48.44400","11.54500","0.00910"
"48.45000","11.54548","0.00915"
"48.45600","11.54602","0.00920"
"48.46200","11.54650","0.00911"
"48.46800","11.54697","0.00906"
"48.47400","11.54751","0.00903"
"48.48000","11.54799","0.00903"
"48.48600","11.54847","0.00908"
"48.49200","11.54901","0.00912"
"48.49800","11.54949","0.00919"
"48.50400","11.54996","0.00927"
"48.51000","11.55050","0.00930"
"48.51600","11.55098","0.00925"
"48.52200","11.55146","0.00919"
"48.52800","11.55200","0.00911"
"48.53400","11.55247","0.00902"
"48.54000","11.55301","0.00901"
"48.54600","11.55349","0.00903"
"48.55200","11.55403","0.00913"
"48.55800","11.55451","0.00932"
"48.56400","11.55505","0.00938"
"48.57000","11.55552","0.00937"
"48.57600","11.55606","0.00938"
"48.58200","11.55654","0.00935"
"48.58800","11.55702","0.00938"
"48.59400","11.55756","0.00931"
"48.60000","11.55803","0.00924"
"48.60600","11.55851","0.00922"
"48.61200","11.55905","0.00926"
"48.61800","11.55953","0.00925"
"48.62400","11.56001","0.00928"
"48.63000","11.56054","0.00931"
"48.63600","11.56102","0.00933"
"48.64200","11.56150","0.00936"
"48.64800","11.56204","0.00929"
"48.65400","11.56252","0.00925"
"48.66000","11.56300","0.00923"
"48.66600","11.56353","0.00920"
"48.67200","11.56401","0.00921"
"48.67800","11.56449","0.00918"
"48.68400","11.56503","0.00910"
"48.69000","11.56551","0.00912"
"48.69600","11.56605","0.00918"
"48.70200","11.56652","0.00919"
"48.70800","11.56700","0.00921"
"48.71400","11.56754","0.00916"
"48.72000","11.56802","0.00913"
"48.72600","11.56850","0.00914"
"48.73200","11.56897","0.00916"
"48.73800","11.56951","0.00920"
"48.74400","11.56999","0.00918"
"48.75000","11.57047","0.00912"
"48.75600","11.57095","0.00910"
"48.76200","11.57149","0.00906"
"48.76800","11.57196","0.00904"
"48.77400","11.57244","0.00911"
"48.78000","11.57292","0.00912"
"48.78600","11.57346","0.00907"
"48.79200","11.57394","0.00910"
"48.79800","11.57448","0.00904"
"48.80400","11.57495","0.00901"
"48.81000","11.57543","0.00907"
"48.81600","11.57597","0.00904"
"48.82200","11.57645","0.00906"
"48.82800","11.57699","0.00911"
"48.83400","11.57747","0.00915"
"48.84000","11.57800","0.00917"
"48.84600","11.57848","0.00920"
"48.85200","11.57902","0.00930"
"48.85800","11.57950","0.00949"
"48.86400","11.57998","0.00952"
"48.87000","11.58052","0.00946"
"48.87600","11.58099","0.00940"
"48.88200","11.58147","0.00925"
"48.88800","11.58201","0.00916"
"48.89400","11.58249","0.00898"
"48.90000","11.58297","0.00884"
"48.90600","11.58351","0.00880"
"48.91200","11.58398","0.00875"
"48.91800","11.58446","0.00872"
"48.92400","11.58494","0.00871"
"48.93000","11.58548","0.00863"
"48.93600","11.58596","0.00861"
"48.94200","11.58643","0.00869"
"48.94800","11.58697","0.00880"
"48.95400","11.58745","0.00890"
"48.96000","11.58799","0.00895"
"48.96600","11.58847","0.00893"
"48.97200","11.58895","0.00894"
"48.97800","11.58948","0.00900"
"48.98400","11.59002","0.00909"
"48.99000","11.59050","0.00922"
"48.99600","11.59104","0.00916"
"49.00200","11.59152","0.00907"
"49.00800","11.59200","0.00909"
"49.01400","11.59253","0.00911"
"49.02000","11.59301","0.00919"
"49.02600","11.59349","0.00921"
"49.03200","11.59397","0.00918"
"49.03800","11.59451","0.00918"
"49.04400","11.59499","0.00921"
"49.05000","11.59546","0.00928"
"49.05600","11.59600","0.00929"
"49.06200","11.59648","0.00919"
"49.06800","11.59702","0.00902"
"49.07400","11.59750","0.00898"
"49.08000","11.59797","0.00890"
"49.08600","11.59851","0.00887"
"49.09200","11.59899","0.00888"
"49.09800","11.59947","0.00880"
"49.10400","11.60001","0.00879"
"49.11000","11.60048","0.00883"
"49.11600","11.60102","0.00886"
"49.12200","11.60150","0.00892"
"49.12800","11.60204","0.00888"
"49.13400","11.60252","0.00883"
"49.14000","11.60306","0.00878"
"49.14600","11.60353","0.00869"
"49.15200","11.60407","0.00862"
"49.15800","11.60455","0.00865"
"49.16400","11.60509","0.00870"
"49.17000","11.60557","0.00879"
"49.17600","11.60604","0.00889"
"49.18200","11.60658","0.00892"
"49.18800","11.60706","0.00895"
"49.19400","11.60754","0.00902"
"49.20000","11.60802","0.00913"
"49.20600","11.60856","0.00925"
"49.21200","11.60903","0.00936"
"49.21800","11.60951","0.00940"
"49.22400","11.60999","0.00944"
"49.23000","11.61047","0.00940"
"49.23600","11.61101","0.00937"
"49.24200","11.61149","0.00936"
"49.24800","11.61196","0.00926"
"49.25400","11.61250","0.00913"
"49.26000","11.61298","0.00910"
"49.26600","11.61352","0.00908"
"49.27200","11.61400","0.00907"
"49.27800","11.61454","0.00911"
"49.28400","11.61501","0.00909"
"49.29000","11.61555","0.00907"
"49.29600","11.61603","0.00901"
"49.30200","11.61651","0.00901"
"49.30800","11.61699","0.00909"
"49.31400","11.61747","0.00910"
"49.32000","11.61794","0.00909"
"49.32600","11.61848","0.00909"
"49.33200","11.61896","0.00909"
"49.33800","11.61944","0.00904"
"49.34400","11.61998","0.00898"
"49.35000","11.62045","0.00899"
"49.35600","11.62093","0.00905"
"49.36200","11.62147","0.00904"
"49.36800","11.62195","0.00900"
"49.37400","11.62249","0.00899"
"49.38000","11.62297","0.00900"
"49.38600","11.62344","0.00902"
"49.39200","11.62398","0.00908"
"49.39800","11.62446","0.00912"
"49.40400","11.62494","0.00924"
"49.41000","11.62548","0.00936"
"49.41600","11.62596","0.00943"
"49.42200","11.62649","0.00944"
"49.42800","11.62697","0.00935"
"49.43400","11.62751","0.00917"
"49.44000","11.62799","0.00901"
"49.44600","11.62853","0.00888"
"49.45200","11.62901","0.00880"
"49.45800","11.62948","0.00880"
"49.46400","11.62996","0.00878"
"49.47000","11.63050","0.00875"
"49.47600","11.63098","0.00877"
"49.48200","11.63146","0.00880"
"49.48800","11.63199","0.00887"
"49.49400","11.63247","0.00887"
"49.50000","11.63295","0.00879"
"49.50600","11.63349","0.00890"
"49.51200","11.63397","0.00902"
"49.51800","11.63451","0.00909"
"49.52400","11.63498","0.00929"
"49.53000","11.63546","0.00945"
"49.53600","11.63600","0.00945"
"49.54200","11.63648","0.00941"
"49.54800","11.63702","0.00928"
"49.55400","11.63750","0.00914"
"49.56000","11.63797","0.00905"
"49.56600","11.63851","0.00895"
"49.57200","11.63899","0.00879"
"49.57800","11.63947","0.00866"
"49.58400","11.64001","0.00859"
"49.59000","11.64048","0.00865"
"49.59600","11.64102","0.00879"
"49.60200","11.64150","0.00884"
"49.60800","11.64198","0.00886"
"49.61400","11.64252","0.00874"
"49.62000","11.64299","0.00868"
"49.62600","11.64347","0.00874"
"49.63200","11.64401","0.00879"
"49.63800","11.64449","0.00880"
"49.64400","11.64497","0.00881"
"49.65000","11.64551","0.00877"
"49.65600","11.64598","0.00878"
"49.66200","11.64652","0.00880"
"49.66800","11.64700","0.00879"
"49.67400","11.64748","0.00883"
"49.68000","11.64802","0.00884"
"49.68600","11.64850","0.00892"
"49.69200","11.64903","0.00901"
"49.69800","11.64951","0.00905"
"49.70400","11.65005","0.00914"
"49.71000","11.65053","0.00926"
"49.71600","11.65101","0.00930"
"49.72200","11.65148","0.00934"
"49.72800","11.65202","0.00935"
"49.73400","11.65250","0.00932"
"49.74000","11.65298","0.00921"
"49.74600","11.65352","0.00908"
"49.75200","11.65400","0.00893"
"49.75800","11.65453","0.00890"
"49.76400","11.65501","0.00890"
"49.77000","11.65549","0.00887"
"49.77600","11.65603","0.00878"
"49.78200","11.65651","0.00868"
"49.78800","11.65705","0.00872"
"49.79400","11.65752","0.00881"
"49.80000","11.65800","0.00888"
"49.80600","11.65848","0.00902"
"49.81200","11.65902","0.00914"
"49.81800","11.65950","0.00923"
"49.82400","11.65998","0.00931"
"49.83000","11.66051","0.00932"
"49.83600","11.66099","0.00925"
"49.84200","11.66147","0.00923"
"49.84800","11.66195","0.00918"
"49.85400","11.66249","0.00915"
"49.86000","11.66297","0.00910"
"49.86600","11.66344","0.00898"
"49.87200","11.66392","0.00896"
"49.87800","11.66446","0.00900"
"49.88400","11.66494","0.00903"
"49.89000","11.66548","0.00905"
"49.89600","11.66595","0.00909"
"49.90200","11.66643","0.00919"
"49.90800","11.66697","0.00927"
"49.91400","11.66745","0.00924"
"49.92000","11.66799","0.00915"
"49.92600","11.66847","0.00909"
"49.93200","11.66894","0.00902"
"49.93800","11.66948","0.00899"
"49.94400","11.66996","0.00894"
"49.95000","11.67044","0.00892"
"49.95600","11.67098","0.00900"
"49.96200","11.67146","0.00901"
"49.96800","11.67193","0.00899"
"49.97400","11.67241","0.00899"
"49.98000","11.67295","0.00896"
"49.98600","11.67343","0.00893"
"49.99200","11.67397","0.00899"
"49.99800","11.67445","0.00903"
"50.00400","11.67492","0.00906"
"50.01000","11.67546","0.00912"
"50.01600","11.67594","0.00909"
"50.02200","11.67642","0.00909"
"50.02800","11.67696","0.00913"
"50.03400","11.67743","0.00913"
"50.04000","11.67797","0.00915"
"50.04600","11.67845","0.00916"
"50.05200","11.67893","0.00918"
"50.05800","11.67947","0.00923"
"50.06400","11.68001","0.00928"
"50.07000","11.68048","0.00928"
"50.07600","11.68102","0.00926"
"50.08200","11.68150","0.00930"
"50.08800","11.68198","0.00937"
"50.09400","11.68252","0.00933"
"50.10000","11.68299","0.00917"
"50.10600","11.68347","0.00902"
"50.11200","11.68401","0.00882"
"50.11800","11.68449","0.00873"
"50.12400","11.68497","0.00875"
"50.13000","11.68551","0.00886"
"50.13600","11.68598","0.00893"
"50.14200","11.68646","0.00898"
"50.14800","11.68700","0.00909"
"50.15400","11.68748","0.00924"
"50.16000","11.68796","0.00936"
"50.16600","11.68843","0.00945"
"50.17200","11.68897","0.00955"
"50.17800","11.68945","0.00953"
"50.18400","11.68993","0.00939"
"50.19000","11.69047","0.00928"
"50.19600","11.69095","0.00921"
"50.20200","11.69148","0.00910"
"50.20800","11.69196","0.00908"
"50.21400","11.69250","0.00905"
"50.22000","11.69298","0.00918"
"50.22600","11.69352","0.00931"
"50.23200","11.69400","0.00929"
"50.23800","11.69447","0.00934"
"50.24400","11.69501","0.00935"
"50.25000","11.69549","0.00928"
"50.25600","11.69603","0.00924"
"50.26200","11.69651","0.00923"
"50.26800","11.69699","0.00926"
"50.27400","11.69746","0.00932"
"50.28000","11.69800","0.00927"
"50.28600","11.69848","0.00925"
"50.29200","11.69896","0.00926"
"50.29800","11.69950","0.00916"
"50.30400","11.69997","0.00901"
"50.31000","11.70051","0.00894"
"50.31600","11.70099","0.00887"
"50.32200","11.70147","0.00887"
"50.32800","11.70201","0.00893"
"50.33400","11.70249","0.00896"
"50.34000","11.70302","0.00899"
"50.34600","11.70350","0.00900"
"50.35200","11.70404","0.00901"
"50.35800","11.70452","0.00910"
"50.36400","11.70500","0.00918"
"50.37000","11.70553","0.00921"
"50.37600","11.70601","0.00918"
"50.38200","11.70649","0.00909"
"50.38800","11.70703","0.00902"
"50.39400","11.70751","0.00897"
"50.40000","11.70799","0.00892"
"50.40600","11.70847","0.00897"
"50.41200","11.70900","0.00903"
"50.41800","11.70948","0.00906"
"50.42400","11.70996","0.00916"
"50.43000","11.71044","0.00925"
"50.43600","11.71098","0.00930"
"50.44200","11.71146","0.00929"
"50.44800","11.71193","0.00924"
"50.45400","11.71241","0.00923"
"50.46000","11.71295","0.00912"
"50.46600","11.71343","0.00901"
"50.47200","11.71397","0.00904"
"50.47800","11.71444","0.00904"
"50.48400","11.71492","0.00900"
"50.49000","11.71546","0.00897"
"50.49600","11.71594","0.00889"
"50.50200","11.71642","0.00886"
"50.50800","11.71696","0.00889"
"50.51400","11.71743","0.00892"
"50.52000","11.71791","0.00894"
"50.52600","11.71845","0.00901"
"50.53200","11.71893","0.00905"
"50.53800","11.71947","0.00915"
"50.54400","11.71994","0.00918"
"50.55000","11.72048","0.00918"
"50.55600","11.72096","0.00923"
"50.56200","11.72150","0.00927"
"50.56800","11.72198","0.00921"
"50.57400","11.72246","0.00916"
"50.58000","11.72299","0.00909"
"50.58600","11.72347","0.00906"
"50.59200","11.72401","0.00908"
"50.59800","11.72449","0.00903"
"50.60400","11.72497","0.00903"
"50.61000","11.72550","0.00900"
"50.61600","11.72598","0.00900"
"50.62200","11.72652","0.00909"
"50.62800","11.72700","0.00920"
"50.63400","11.72754","0.00936"
"50.64000","11.72802","0.00938"
"50.64600","11.72849","0.00935"
"50.65200","11.72903","0.00928"
"50.65800","11.72951","0.00921"
"50.66400","11.72999","0.00924"
"50.67000","11.73053","0.00934"
"50.67600","11.73100","0.00939"
"50.68200","11.73148","0.00937"
"50.68800","11.73202","0.00935"
"50.69400","11.73250","0.00938"
"50.70000","11.73298","0.00934"
"50.70600","11.73352","0.00935"
"50.71200","11.73399","0.00935"
"50.71800","11.73453","0.00936"
"50.72400","11.73501","0.00940"
"50.73000","11.73555","0.00943"
"50.73600","11.73603","0.00942"
"50.74200","11.73651","0.00932"
"50.74800","11.73698","0.00918"
"50.75400","11.73746","0.00906"
"50.76000","11.73800","0.00900"
"50.76600","11.73848","0.00903"
"50.77200","11.73902","0.00923"
"50.77800","11.73950","0.00944"
"50.78400","11.73997","0.00946"
"50.79000","11.74051","0.00940"
"50.79600","11.74099","0.00929"
"50.80200","11.74147","0.00922"
"50.80800","11.74201","0.00926"
"50.81400","11.74249","0.00924"
"50.82000","11.74296","0.00926"
"50.82600","11.74350","0.00926"
"50.83200","11.74398","0.00926"
"50.83800","11.74446","0.00931"
"50.84400","11.74500","0.00938"
"50.85000","11.74553","0.00942"
"50.85600","11.74601","0.00942"
"50.86200","11.74655","0.00941"
"50.86800","11.74703","0.00939"
"50.87400","11.74757","0.00938"
"50.88000","11.74805","0.00931"
"50.88600","11.74852","0.00909"
"50.89200","11.74900","0.00890"
"50.89800","11.74954","0.00878"
"50.90400","11.75002","0.00875"
"50.91000","11.75050","0.00875"
"50.91600","11.75098","0.00879"
"50.92200","11.75151","0.00891"
"50.92800","11.75199","0.00905"
"50.93400","11.75247","0.00913"
"50.94000","11.75301","0.00912"
"50.94600","11.75349","0.00907"
"50.95200","11.75397","0.00907"
"50.95800","11.75450","0.00912"
"50.96400","11.75498","0.00913"
"50.97000","11.75546","0.00919"
"50.97600","11.75600","0.00924"
"50.98200","11.75648","0.00927"
"50.98800","11.75701","0.00931"
"50.99400","11.75749","0.00936"
"51.00000","11.75803","0.00934"
"51.00600","11.75851","0.00934"
"51.01200","11.75899","0.00934"
"51.01800","11.75953","0.00929"
"51.02400","11.76000","0.00927"
"51.03000","11.76048","0.00919"
"51.03600","11.76102","0.00908"
"51.04200","11.76150","0.00907"
"51.04800","11.76198","0.00906"
"51.05400","11.76245","0.00903"
"51.06000","11.76299","0.00907"
"51.06600","11.76347","0.00907"
"51.07200","11.76395","0.00905"
"51.07800","11.76443","0.00894"
"51.08400","11.76497","0.00880"
"51.09000","11.76544","0.00881"
"51.09600","11.76592","0.00890"
"51.10200","11.76646","0.00906"
"51.10800","11.76694","0.00916"
"51.11400","11.76748","0.00914"
"51.12000","11.76795","0.00913"
"51.12600","11.76849","0.00913"
"51.13200","11.76897","0.00913"
"51.13800","11.76951","0.00923"
"51.14400","11.76999","0.00925"
"51.15000","11.77053","0.00909"
"51.15600","11.77100","0.00896"
"51.16200","11.77148","0.00888"
"51.16800","11.77202","0.00884"
"51.17400","11.77250","0.00889"
"51.18000","11.77298","0.00889"
"51.18600","11.77345","0.00885"
"51.19200","11.77399","0.00883"
"51.19800","11.77447","0.00887"
"51.20400","11.77501","0.00895"
"51.21000","11.77549","0.00900"
"51.21600","11.77597","0.00894"
"51.22200","11.77651","0.00891"
"51.22800","11.77698","0.00891"
"51.23400","11.77746","0.00898"
"51.24000","11.77794","0.00913"
"51.24600","11.77848","0.00925"
"51.25200","11.77896","0.00927"
"51.25800","11.77949","0.00924"
"51.26400","11.77997","0.00917"
"51.27000","11.78051","0.00920"
"51.27600","11.78099","0.00923"
"51.28200","11.78153","0.00916"
"51.28800","11.78201","0.00914"
"51.29400","11.78254","0.00921"
"51.30000","11.78302","0.00921"
"51.30600","11.78350","0.00925"
"51.31200","11.78404","0.00926"
"51.31800","11.78452","0.00925"
"51.32400","11.78500","0.00922"
"51.33000","11.78553","0.00921"
"51.33600","11.78601","0.00919"
"51.34200","11.78655","0.00920"
"51.34800","11.78703","0.00925"
"51.35400","11.78751","0.00934"
"51.36000","11.78798","0.00940"
"51.36600","11.78852","0.00937"
"51.37200","11.78900","0.00934"
"51.37800","11.78948","0.00934"
"51.38400","11.78996","0.00930"
"51.39000","11.79050","0.00929"
"51.39600","11.79097","0.00929"
"51.40200","11.79145","0.00925"
"51.40800","11.79199","0.00917"
"51.41400","11.79247","0.00907"
"51.42000","11.79301","0.00906"
"51.42600","11.79349","0.00916"
"51.43200","11.79402","0.00915"
"51.43800","11.79450","0.00913"
"51.44400","11.79498","0.00915"
"51.45000","11.79552","0.00915"
"51.45600","11.79600","0.00917"
"51.46200","11.79648","0.00911"
"51.46800","11.79701","0.00903"
"51.47400","11.79749","0.00900"
"51.48000","11.79797","0.00898"
"51.48600","11.79845","0.00905"
"51.49200","11.79893","0.00920"
"51.49800","11.79947","0.00926"
"51.50400","11.79994","0.00933"
"51.51000","11.80042","0.00937"
"51.51600","11.80096","0.00937"
"51.52200","11.80144","0.00943"
"51.52800","11.80192","0.00944"
"51.53400","11.80245","0.00936"
"51.54000","11.80293","0.00928"
"51.54600","11.80341","0.00924"
"51.55200","11.80395","0.00918"
"51.55800","11.80443","0.00916"
"51.56400","11.80497","0.00912"
"51.57000","11.80544","0.00905"
"51.57600","11.80592","0.00901"
"51.58200","11.80646","0.00904"
"51.58800","11.80694","0.00907"
"51.59400","11.80748","0.00902"
"51.60000","11.80795","0.00899"
"51.60600","11.80849","0.00905"
"51.61200","11.80897","0.00903"
"51.61800","11.80945","0.00899"
"51.62400","11.80993","0.00900"
"51.63000","11.81040","0.00903"
"51.63600","11.81094","0.00907"
"51.64200","11.81142","0.00918"
"51.64800","11.81190","0.00921"
"51.65400","11.81244","0.00921"
"51.66000","11.81292","0.00921"
"51.66600","11.81339","0.00922"
"51.67200","11.81393","0.00920"
"51.67800","11.81441","0.00918"
"51.68400","11.81495","0.00913"
"51.69000","11.81549","0.00915"
"51.69600","11.81597","0.00917"
"51.70200","11.81650","0.00912"
"51.70800","11.81698","0.00915"
"51.71400","11.81752","0.00920"
"51.72000","11.81800","0.00925"
"51.72600","11.81854","0.00931"
"51.73200","11.81902","0.00936"
"51.73800","11.81955","0.00943"
"51.74400","11.82003","0.00945"
"51.75000","11.82051","0.00938"
"51.75600","11.82105","0.00941"
"51.76200","11.82153","0.00938"
"51.76800","11.82206","0.00930"
"51.77400","11.82254","0.00925"
"51.78000","11.82302","0.00924"
"51.78600","11.82350","0.00928"
"51.79200","11.82398","0.00929"
"51.79800","11.82446","0.00922"
"51.80400","11.82493","0.00918"
"51.81000","11.82541","0.00921"
"51.81600","11.82595","0.00920"
"51.82200","11.82643","0.00923"
"51.82800","11.82691","0.00927"
"51.83400","11.82745","0.00929"
"51.84000","11.82792","0.00935"
"51.84600","11.82846","0.00936"
"51.85200","11.82894","0.00938"
"51.85800","11.82948","0.00945"
"51.86400","11.83002","0.00938"
"51.87000","11.83050","0.00921"
"51.87600","11.83097","0.00912"
"51.88200","11.83151","0.00904"
"51.88800","11.83199","0.00905"
"51.89400","11.83247","0.00909"
"51.90000","11.83301","0.00905"
"51.90600","11.83349","0.00913"
"51.91200","11.83396","0.00922"
"51.91800","11.83444","0.00922"
"51.92400","11.83492","0.00924"
"51.93000","11.83546","0.00921"
"51.93600","11.83594","0.00922"
"51.94200","11.83642","0.00929"
"51.94800","11.83689","0.00924"
"51.95400","11.83743","0.00922"
"51.96000","11.83791","0.00932"
"51.96600","11.83845","0.00929"
"51.97200","11.83893","0.00922"
"51.97800","11.83946","0.00918"
"51.98400","11.83994","0.00910"
"51.99000","11.84048","0.00914"
"51.99600","11.84096","0.00924"
"52.00200","11.84150","0.00927"
"52.00800","11.84198","0.00929"
"52.01400","11.84245","0.00924"
"52.02000","11.84299","0.00922"
"52.02600","11.84347","0.00920"
"52.03200","11.84395","0.00917"
"52.03800","11.84443","0.00912"
"52.04400","11.84496","0.00910"
"52.05000","11.84544","0.00909"
"52.05600","11.84592","0.00916"
"52.06200","11.84646","0.00918"
"52.06800","11.84694","0.00919"
"52.07400","11.84741","0.00923"
"52.08000","11.84795","0.00927"
"52.08600","11.84843","0.00929"
"52.09200","11.84891","0.00941"
"52.09800","11.84939","0.00948"
"52.10400","11.84993","0.00944"
"52.11000","11.85040","0.00936"
"52.11600","11.85088","0.00921"
"52.12200","11.85142","0.00917"
"52.12800","11.85190","0.00915"
"52.13400","11.85244","0.00917"
"52.14000","11.85297","0.00921"
"52.14600","11.85345","0.00922"
"52.15200","11.85399","0.00918"
"52.15800","11.85447","0.00916"
"52.16400","11.85501","0.00911"
"52.17000","11.85549","0.00907"
"52.17600","11.85602","0.00912"
"52.18200","11.85650","0.00904"
"52.18800","11.85698","0.00896"
"52.19400","11.85752","0.00899"
"52.20000","11.85800","0.00903"
"52.20600","11.85848","0.00913"
"52.21200","11.85901","0.00919"
"52.21800","11.85949","0.00917"
"52.22400","11.85997","0.00919"
"52.23000","11.86045","0.00926"
"52.23600","11.86099","0.00936"
"52.24200","11.86147","0.00942"
"52.24800","11.86200","0.00940"
"52.25400","11.86248","0.00938"
"52.26000","11.86296","0.00936"
"52.26600","11.86350","0.00927"
"52.27200","11.86398","0.00922"
"52.27800","11.86452","0.00923"
"52.28400","11.86499","0.00922"
"52.29000","11.86553","0.00926"
"52.29600","11.86601","0.00922"
"52.30200","11.86655","0.00917"
"52.30800","11.86703","0.00918"
"52.31400","11.86756","0.00919"
"52.32000","11.86804","0.00926"
"52.32600","11.86852","0.00930"
"52.33200","11.86900","0.00923"
"52.33800","11.86948","0.00917"
"52.34400","11.86996","0.00924"
"52.35000","11.87049","0.00919"
"52.35600","11.87097","0.00912"
"52.36200","11.87145","0.00904"
"52.36800","11.87199","0.00885"
"52.37400","11.87247","0.00875"
"52.38000","11.87300","0.00880"
"52.38600","11.87348","0.00894"
"52.39200","11.87396","0.00903"
"52.39800","11.87450","0.00895"
"52.40400","11.87498","0.00879"
"52.41000","11.87552","0.00873"
"52.41600","11.87599","0.00872"
"52.42200","11.87653","0.00890"
"52.42800","11.87701","0.00915"
"52.43400","11.87749","0.00921"
"52.44000","11.87803","0.00918"
"52.44600","11.87851","0.00917"
"52.45200","11.87904","0.00919"
"52.45800","11.87952","0.00921"
"52.46400","11.88000","0.00917"
"52.47000","11.88054","0.00908"
"52.47600","11.88102","0.00901"
"52.48200","11.88150","0.00896"
"52.48800","11.88197","0.00900"
"52.49400","11.88251","0.00910"
"52.50000","11.88299","0.00920"
"52.50600","11.88347","0.00921"
"52.51200","11.88395","0.00921"
"52.51800","11.88449","0.00927"
"52.52400","11.88496","0.00941"
"52.53000","11.88544","0.00953"
"52.53600","11.88598","0.00961"
"52.54200","11.88646","0.00964"
"52.54800","11.88694","0.00953"
"52.55400","11.88748","0.00938"
"52.56000","11.88795","0.00931"
"52.56600","11.88849","0.00927"
"52.57200","11.88897","0.00928"
"52.57800","11.88945","0.00924"
"52.58400","11.88999","0.00912"
"52.59000","11.89046","0.00906"
"52.59600","11.89100","0.00907"
"52.60200","11.89148","0.00912"
"52.60800","11.89196","0.00925"
"52.61400","11.89250","0.00928"
"52.62000","11.89297","0.00920"
"52.62600","11.89345","0.00916"
"52.63200","11.89393","0.00916"
"52.63800","11.89447","0.00930"
"52.64400","11.89495","0.00947"
"52.65000","11.89543","0.00955"
"52.65600","11.89590","0.00952"
"52.66200","11.89644","0.00943"
"52.66800","11.89692","0.00935"
"52.67400","11.89740","0.00941"
"52.68000","11.89794","0.00948"
"52.68600","11.89842","0.00956"
"52.69200","11.89895","0.00956"
"52.69800","11.89943","0.00947"
"52.70400","11.89991","0.00942"
"52.71000","11.90045","0.00941"
"52.71600","11.90099","0.00937"
"52.72200","11.90147","0.00924"
"52.72800","11.90200","0.00907"
"52.73400","11.90248","0.00889"
"52.74000","11.90302","0.00882"
"52.74600","11.90350","0.00886"
"52.75200","11.90398","0.00896"
"52.75800","11.90451","0.00907"
"52.76400","11.90499","0.00904"
"52.77000","11.90547","0.00898"
"52.77600","11.90595","0.00911"
"52.78200","11.90649","0.00921"
"52.78800","11.90697","0.00929"
"52.79400","11.90744","0.00926"
"52.80000","11.90798","0.00914"
"52.80600","11.90846","0.00907"
"52.81200","11.90894","0.00906"
"52.81800","11.90948","0.00911"
"52.82400","11.90996","0.00918"
"52.83000","11.91049","0.00910"
"52.83600","11.91097","0.00888"
"52.84200","11.91145","0.00874"
"52.84800","11.91199","0.00864"
"52.85400","11.91247","0.00866"
"52.86000","11.91300","0.00877"
"52.86600","11.91348","0.00883"
"52.87200","11.91402","0.00886"
"52.87800","11.91450","0.00894"
"52.88400","11.91504","0.00901"
"52.89000","11.91552","0.00915"
"52.89600","11.91599","0.00920"
"52.90200","11.91647","0.00919"
"52.90800","11.91701","0.00914"
"52.91400","11.91749","0.00905"
"52.92000","11.91797","0.00905"
"52.92600","11.91851","0.00915"
"52.93200","11.91898","0.00919"
"52.93800","11.91946","0.00919"
"52.94400","11.92000","0.00920"
"52.95000","11.92048","0.00917"
"52.95600","11.92096","0.00923"
"52.96200","11.92150","0.00932"
"52.96800","11.92197","0.00928"
"52.97400","11.92245","0.00924"
"52.98000","11.92299","0.00915"
"52.98600","11.92347","0.00906"
"52.99200","11.92401","0.00911"
"52.99800","11.92449","0.00920"
"53.00400","11.92502","0.00940"
"53.01000","11.92550","0.00952"
"53.01600","11.92604","0.00942"
"53.02200","11.92652","0.00930"
"53.02800","11.92706","0.00925"
"53.03400","11.92753","0.00922"
"53.04000","11.92801","0.00920"
"53.04600","11.92849","0.00915"
"53.05200","11.92897","0.00908"
"53.05800","11.92951","0.00902"
"53.06400","11.92999","0.00893"
"53.07000","11.93046","0.00883"
"53.07600","11.93094","0.00885"
"53.08200","11.93148","0.00885"
"53.08800","11.93196","0.00883"
"53.09400","11.93244","0.00885"
"53.10000","11.93291","0.00888"
"53.10600","11.93339","0.00892"
"53.11200","11.93393","0.00898"
"53.11800","11.93441","0.00905"
"53.12400","11.93495","0.00906"
"53.13000","11.93542","0.00898"
"53.13600","11.93590","0.00883"
"53.14200","11.93644","0.00884"
"53.14800","11.93692","0.00880"
"53.15400","11.93746","0.00875"
"53.16000","11.93794","0.00871"
"53.16600","11.93847","0.00871"
"53.17200","11.93895","0.00877"
"53.17800","11.93943","0.00880"
"53.18400","11.93997","0.00881"
"53.19000","11.94045","0.00885"
"53.19600","11.94093","0.00880"
"53.20200","11.94140","0.00876"
"53.20800","11.94194","0.00885"
"53.21400","11.94242","0.00891"
"53.22000","11.94290","0.00902"
"53.22600","11.94344","0.00914"
"53.23200","11.94392","0.00915"
"53.23800","11.94445","0.00918"
"53.24400","11.94493","0.00936"
"53.25000","11.94547","0.00951"
"53.25600","11.94595","0.00961"
"53.26200","11.94649","0.00964"
"53.26800","11.94697","0.00952"
"53.27400","11.94750","0.00942"
"53.28000","11.94798","0.00937"
"53.28600","11.94852","0.00933"
"53.29200","11.94900","0.00934"
"53.29800","11.94954","0.00925"
"53.30400","11.95001","0.00913"
"53.31000","11.95049","0.00906"
"53.31600","11.95103","0.00897"
"53.32200","11.95151","0.00901"
"53.32800","11.95199","0.00899"
"53.33400","11.95253","0.00897"
"53.34000","11.95300","0.00902"
"53.34600","11.95348","0.00911"
"53.35200","11.95402","0.00931"
"53.35800","11.95450","0.00944"
"53.36400","11.95504","0.00945"
"53.37000","11.95551","0.00939"
"53.37600","11.95599","0.00930"
"53.38200","11.95647","0.00924"
"53.38800","11.95701","0.00916"
"53.39400","11.95749","0.00909"
"53.40000","11.95797","0.00899"
"53.40600","11.95850","0.00898"
"53.41200","11.95898","0.00906"
"53.41800","11.95952","0.00918"
"53.42400","11.96000","0.00930"
"53.43000","11.96054","0.00929"
"53.43600","11.96101","0.00920"
"53.44200","11.96155","0.00911"
"53.44800","11.96203","0.00898"
"53.45400","11.96251","0.00886"
"53.46000","11.96305","0.00897"
"53.46600","11.96353","0.00913"
"53.47200","11.96400","0.00920"
"53.47800","11.96454","0.00924"
"53.48400","11.96502","0.00924"
"53.49000","11.96550","0.00928"
"53.49600","11.96604","0.00927"
"53.50200","11.96652","0.00924"
"53.50800","11.96699","0.00921"
"53.51400","11.96747","0.00905"
"53.52000","11.96801","0.00896"
"53.52600","11.96849","0.00895"
"53.53200","11.96897","0.00897"
"53.53800","11.96945","0.00903"
"53.54400","11.96998","0.00906"
"53.55000","11.97046","0.00905"
"53.55600","11.97100","0.00903"
"53.56200","11.97148","0.00900"
"53.56800","11.97202","0.00899"
"53.57400","11.97250","0.00907"
"53.58000","11.97303","0.00907"
"53.58600","11.97351","0.00905"
"53.59200","11.97405","0.00903"
"53.59800","11.97453","0.00892"
"53.60400","11.97501","0.00883"
"53.61000","11.97554","0.00892"
"53.61600","11.97602","0.00900"
"53.62200","11.97650","0.00907"
"53.62800","11.97698","0.00919"
"53.63400","11.97752","0.00926"
"53.64000","11.97800","0.00935"
"53.64600","11.97853","0.00938"
"53.65200","11.97901","0.00938"
"53.65800","11.97949","0.00945"
"53.66400","11.98003","0.00950"
"53.67000","11.98051","0.00946"
"53.67600","11.98099","0.00949"
"53.68200","11.98146","0.00950"
"53.68800","11.98200","0.00950"
"53.69400","11.98248","0.00948"
"53.70000","11.98296","0.00949"
"53.70600","11.98350","0.00955"
"53.71200","11.98397","0.00957"
"53.71800","11.98445","0.00957"
"53.72400","11.98499","0.00959"
"53.73000","11.98547","0.00953"
"53.73600","11.98601","0.00944"
"53.74200","11.98649","0.00940"
"53.74800","11.98696","0.00931"
"53.75400","11.98750","0.00918"
"53.76000","11.98798","0.00912"
"53.76600","11.98846","0.00905"
"53.77200","11.98900","0.00901"
"53.77800","11.98948","0.00908"
"53.78400","11.99001","0.00912"
"53.79000","11.99049","0.00920"
"53.79600","11.99103","0.00918"
"53.80200","11.99151","0.00912"
"53.80800","11.99199","0.00911"
"53.81400","11.99252","0.00913"
"53.82000","11.99300","0.00910"
"53.82600","11.99354","0.00907"
"53.83200","11.99402","0.00904"
"53.83800","11.99450","0.00903"
"53.84400","11.99504","0.00909"
"53.85000","11.99551","0.00916"
"53.85600","11.99599","0.00922"
"53.86200","11.99653","0.00920"
"53.86800","11.99701","0.00909"
"53.87400","11.99755","0.00895"
"53.88000","11.99802","0.00888"
"53.88600","11.99856","0.00891"
"53.89200","11.99904","0.00903"
"53.89800","11.99958","0.00902"
"53.90400","12.00006","0.00893"
"53.91000","12.00054","0.00889"
"53.91600","12.00107","0.00891"
"53.92200","12.00155","0.00897"
"53.92800","12.00203","0.00906"
"53.93400","12.00257","0.00915"
"53.94000","12.00305","0.00918"
"53.94600","12.00353","0.00906"
"53.95200","12.00400","0.00890"
"53.95800","12.00448","0.00886"
"53.96400","12.00502","0.00884"
"53.97000","12.00550","0.00884"
"53.97600","12.00598","0.00888"
"53.98200","12.00652","0.00886"
"53.98800","12.00699","0.00900"
"53.99400","12.00753","0.00920"
"54.00000","12.00801","0.00932"
"54.00600","12.00849","0.00942"
"54.01200","12.00903","0.00941"
"54.01800","12.00951","0.00935"
"54.02400","12.01004","0.00934"
"54.03000","12.01052","0.00939"
"54.03600","12.01100","0.00943"
"54.04200","12.01154","0.00944"
"54.04800","12.01202","0.00935"
"54.05400","12.01250","0.00927"
"54.06000","12.01303","0.00924"
"54.06600","12.01351","0.00927"
"54.07200","12.01399","0.00928"
"54.07800","12.01453","0.00929"
"54.08400","12.01501","0.00932"
"54.09000","12.01548","0.00936"
"54.09600","12.01602","0.00932"
"54.10200","12.01650","0.00937"
"54.10800","12.01698","0.00949"
"54.11400","12.01752","0.00953"
"54.12000","12.01799","0.00948"
"54.12600","12.01847","0.00945"
"54.13200","12.01895","0.00935"
"54.13800","12.01949","0.00927"
"54.14400","12.01997","0.00930"
"54.15000","12.02045","0.00932"
"54.15600","12.02098","0.00931"
"54.16200","12.02146","0.00926"
"54.16800","12.02200","0.00918"
"54.17400","12.02248","0.00917"
"54.18000","12.02296","0.00918"
"54.18600","12.02344","0.00923"
"54.19200","12.02397","0.00933"
"54.19800","12.02445","0.00936"
"54.20400","12.02493","0.00932"
"54.21000","12.02547","0.00936"
"54.21600","12.02595","0.00941"
"54.22200","12.02642","0.00942"
"54.22800","12.02696","0.00933"
"54.23400","12.02744","0.00916"
"54.24000","12.02792","0.00904"
"54.24600","12.02840","0.00898"
"54.25200","12.02894","0.00894"
"54.25800","12.02941","0.00901"
"54.26400","12.02989","0.00898"
"54.27000","12.03043","0.00890"
"54.27600","12.03091","0.00891"
"54.28200","12.03145","0.00901"
"54.28800","12.03193","0.00908"
"54.29400","12.03246","0.00908"
"54.30000","12.03294","0.00907"
"54.30600","12.03348","0.00911"
"54.31200","12.03396","0.00919"
"54.31800","12.03450","0.00927"
"54.32400","12.03498","0.00942"
"54.33000","12.03545","0.00945"
"54.33600","12.03599","0.00934"
"54.34200","12.03647","0.00928"
"54.34800","12.03695","0.00919"
"54.35400","12.03749","0.00911"
"54.36000","12.03796","0.00911"
"54.36600","12.03850","0.00916"
"54.37200","12.03898","0.00916"
"54.37800","12.03946","0.00914"
"54.38400","12.04000","0.00913"
"54.39000","12.04048","0.00914"
"54.39600","12.04095","0.00930"
"54.40200","12.04149","0.00936"
"54.40800","12.04197","0.00939"
"54.41400","12.04251","0.00936"
"54.42000","12.04299","0.00930"
"54.42600","12.04346","0.00931"
"54.43200","12.04400","0.00935"
"54.43800","12.04448","0.00932"
"54.44400","12.04502","0.00931"
"54.45000","12.04556","0.00921"
"54.45600","12.04604","0.00915"
"54.46200","12.04651","0.00918"
"54.46800","12.04705","0.00917"
"54.47400","12.04753","0.00920"
"54.48000","12.04801","0.00914"
"54.48600","12.04849","0.00905"
"54.49200","12.04902","0.00903"
"54.49800","12.04950","0.00901"
"54.50400","12.04998","0.00902"
"54.51000","12.05046","0.00893"
"54.51600","12.05100","0.00875"
"54.52200","12.05148","0.00870"
"54.52800","12.05196","0.00887"
"54.53400","12.05249","0.00910"
"54.54000","12.05297","0.00940"
"54.54600","12.05351","0.00960"
"54.55200","12.05399","0.00962"
"54.55800","12.05453","0.00957"
"54.56400","12.05500","0.00951"
"54.57000","12.05554","0.00950"
"54.57600","12.05602","0.00953"
"54.58200","12.05656","0.00953"
"54.58800","12.05704","0.00952"
"54.59400","12.05758","0.00953"
"54.60000","12.05805","0.00955"
"54.60600","12.05853","0.00955"
"54.61200","12.05907","0.00945"
"54.61800","12.05955","0.00935"
"54.62400","12.06003","0.00931"
"54.63000","12.06051","0.00936"
"54.63600","12.06104","0.00942"
"54.64200","12.06152","0.00951"
"54.64800","12.06200","0.00952"
"54.65400","12.06248","0.00947"
"54.66000","12.06296","0.00943"
"54.66600","12.06350","0.00935"
"54.67200","12.06397","0.00929"
"54.67800","12.06445","0.00924"
"54.68400","12.06493","0.00914"
"54.69000","12.06547","0.00912"
"54.69600","12.06595","0.00908"
"54.70200","12.06642","0.00906"
"54.70800","12.06696","0.00912"
"54.71400","12.06750","0.00916"
"54.72000","12.06798","0.00920"
"54.72600","12.06846","0.00918"
"54.73200","12.06900","0.00911"
"54.73800","12.06947","0.00901"
"54.74400","12.07001","0.00903"
"54.75000","12.07049","0.00911"
"54.75600","12.07097","0.00921"
"54.76200","12.07145","0.00924"
"54.76800","12.07199","0.00913"
"54.77400","12.07246","0.00909"
"54.78000","12.07294","0.00912"
"54.78600","12.07342","0.00917"
"54.79200","12.07390","0.00922"
"54.79800","12.07444","0.00921"
"54.80400","12.07491","0.00918"
"54.81000","12.07539","0.00916"
"54.81600","12.07587","0.00920"
"54.82200","12.07641","0.00927"
"54.82800","12.07689","0.00932"
"54.83400","12.07743","0.00928"
"54.84000","12.07790","0.00922"
"54.84600","12.07844","0.00916"
"54.85200","12.07892","0.00911"
"54.85800","12.07946","0.00908"
"54.86400","12.08000","0.00913"
"54.87000","12.08047","0.00921"
"54.87600","12.08101","0.00921"
"54.88200","12.08155","0.00922"
"54.88800","12.08203","0.00932"
"54.89400","12.08251","0.00941"
"54.90000","12.08305","0.00941"
"54.90600","12.08352","0.00938"
"54.91200","12.08400","0.00928"
"54.91800","12.08454","0.00920"
"54.92400","12.08502","0.00926"
"54.93000","12.08550","0.00938"
"54.93600","12.08603","0.00935"
"54.94200","12.08651","0.00925"
"54.94800","12.08699","0.00918"
"54.95400","12.08753","0.00911"
"54.96000","12.08801","0.00917"
"54.96600","12.08855","0.00921"
"54.97200","12.08902","0.00919"
"54.97800","12.08950","0.00917"
"54.98400","12.09004","0.00913"
"54.99000","12.09052","0.00916"
"54.99600","12.09100","0.00927"
"55.00200","12.09154","0.00933"
"55.00800","12.09201","0.00939"
"55.01400","12.09255","0.00938"
"55.02000","12.09303","0.00922"
"55.02600","12.09357","0.00912"
"55.03200","12.09405","0.00910"
"55.03800","12.09453","0.00912"
"55.04400","12.09500","0.00919"
"55.05000","12.09554","0.00922"
"55.05600","12.09602","0.00921"
"55.06200","12.09650","0.00922"
"55.06800","12.09698","0.00924"
"55.07400","12.09752","0.00934"
"55.08000","12.09799","0.00939"
"55.08600","12.09853","0.00937"
"55.09200","12.09901","0.00931"
"55.09800","12.09955","0.00924"
"55.10400","12.10003","0.00924"
"55.11000","12.10050","0.00930"
"55.11600","12.10104","0.00930"
"55.12200","12.10152","0.00926"
"55.12800","12.10200","0.00930"
"55.13400","12.10254","0.00932"
"55.14000","12.10302","0.00939"
"55.14600","12.10349","0.00957"
"55.15200","12.10403","0.00966"
"55.15800","12.10451","0.00968"
"55.16400","12.10505","0.00961"
"55.17000","12.10553","0.00954"
"55.17600","12.10601","0.00947"
"55.18200","12.10654","0.00935"
"55.18800","12.10702","0.00926"
"55.19400","12.10750","0.00922"
"55.20000","12.10804","0.00918"
"55.20600","12.10852","0.00923"
"55.21200","12.10900","0.00934"
"55.21800","12.10953","0.00951"
"55.22400","12.11001","0.00963"
"55.23000","12.11049","0.00965"
"55.23600","12.11103","0.00953"
"55.24200","12.11151","0.00945"
"55.24800","12.11199","0.00944"
"55.25400","12.11252","0.00948"
"55.26000","12.11300","0.00941"
"55.26600","12.11348","0.00925"
"55.27200","12.11396","0.00919"
"55.27800","12.11450","0.00920"
"55.28400","12.11497","0.00916"
"55.29000","12.11545","0.00922"
"55.29600","12.11599","0.00930"
"55.30200","12.11647","0.00931"
"55.30800","12.11695","0.00927"
"55.31400","12.11749","0.00927"
"55.32000","12.11796","0.00930"
"55.32600","12.11844","0.00931"
"55.33200","12.11892","0.00928"
"55.33800","12.11946","0.00915"
"55.34400","12.11994","0.00898"
"55.35000","12.12041","0.00889"
"55.35600","12.12095","0.00897"
"55.36200","12.12143","0.00914"
"55.36800","12.12197","0.00929"
"55.37400","12.12245","0.00947"
"55.38000","12.12298","0.00956"
"55.38600","12.12346","0.00957"
"55.39200","12.12394","0.00950"
"55.39800","12.12448","0.00945"
"55.40400","12.12496","0.00936"
"55.41000","12.12550","0.00933"
"55.41600","12.12597","0.00925"
"55.42200","12.12645","0.00918"
"55.42800","12.12699","0.00923"
"55.43400","12.12747","0.00924"
"55.44000","12.12801","0.00928"
"55.44600","12.12849","0.00933"
"55.45200","12.12896","0.00935"
"55.45800","12.12950","0.00937"
"55.46400","12.12998","0.00940"
"55.47000","12.13052","0.00942"
"55.47600","12.13100","0.00935"
"55.48200","12.13147","0.00926"
"55.48800","12.13201","0.00915"
"55.49400","12.13249","0.00905"
"55.50000","12.13303","0.00899"
"55.50600","12.13351","0.00903"
"55.51200","12.13405","0.00909"
"55.51800","12.13452","0.00905"
"55.52400","12.13500","0.00905"
"55.53000","12.13554","0.00911"
"55.53600","12.13602","0.00921"
"55.54200","12.13650","0.00930"
"55.54800","12.13704","0.00937"
"55.55400","12.13751","0.00940"
"55.56000","12.13799","0.00947"
"55.56600","12.13853","0.00950"
"55.57200","12.13901","0.00946"
"55.57800","12.13949","0.00949"
"55.58400","12.14003","0.00940"
"55.59000","12.14050","0.00928"
"55.59600","12.14104","0.00921"
"55.60200","12.14152","0.00914"
"55.60800","12.14200","0.00921"
"55.61400","12.14254","0.00932"
"55.62000","12.14302","0.00941"
"55.62600","12.14349","0.00933"
"55.63200","12.14403","0.00921"
"55.63800","12.14451","0.00918"
"55.64400","12.14499","0.00925"
"55.65000","12.14553","0.00925"
"55.65600","12.14601","0.00927"
"55.66200","12.14648","0.00932"
"55.66800","12.14702","0.00935"
"55.67400","12.14750","0.00940"
"55.68000","12.14798","0.00942"
"55.68600","12.14852","0.00942"
"55.69200","12.14899","0.00948"
"55.69800","12.14947","0.00948"
"55.70400","12.15001","0.00944"
"55.71000","12.15049","0.00934"
"55.71600","12.15097","0.00918"
"55.72200","12.15151","0.00914"
"55.72800","12.15198","0.00919"
"55.73400","12.15252","0.00919"
"55.74000","12.15300","0.00922"
"55.74600","12.15354","0.00926"
"55.75200","12.15402","0.00925"
"55.75800","12.15450","0.00929"
"55.76400","12.15503","0.00930"
"55.77000","12.15551","0.00925"
"55.77600","12.15599","0.00922"
"55.78200","12.15647","0.00916"
"55.78800","12.15701","0.00913"
"55.79400","12.15749","0.00922"
"55.80000","12.15796","0.00926"
"55.80600","12.15850","0.00931"
"55.81200","12.15898","0.00936"
"55.81800","12.15946","0.00942"
"55.82400","12.16000","0.00955"
"55.83000","12.16047","0.00966"
"55.83600","12.16095","0.00968"
"55.84200","12.16149","0.00966"
"55.84800","12.16197","0.00963"
"55.85400","12.16245","0.00955"
"55.86000","12.16298","0.00950"
"55.86600","12.16346","0.00955"
"55.87200","12.16394","0.00960"
"55.87800","12.16448","0.00958"
"55.88400","12.16496","0.00943"
"55.89000","12.16549","0.00940"
"55.89600","12.16597","0.00939"
"55.90200","12.16651","0.00935"
"55.90800","12.16699","0.00934"
"55.91400","12.16747","0.00933"
"55.92000","12.16801","0.00927"
"55.92600","12.16848","0.00930"
"55.93200","12.16896","0.00935"
"55.93800","12.16944","0.00941"
"55.94400","12.16998","0.00952"
"55.95000","12.17046","0.00954"
"55.95600","12.17094","0.00952"
"55.96200","12.17147","0.00955"
"55.96800","12.17195","0.00955"
"55.97400","12.17249","0.00956"
"55.98000","12.17297","0.00953"
"55.98600","12.17345","0.00940"
"55.99200","12.17399","0.00925"
"55.99800","12.17446","0.00915"
"56.00400","12.17494","0.00911"
"56.01000","12.17548","0.00906"
"56.01600","12.17596","0.00896"
"56.02200","12.17650","0.00890"
"56.02800","12.17704","0.00888"
"56.03400","12.17751","0.00885"
"56.04000","12.17805","0.00887"
"56.04600","12.17853","0.00891"
"56.05200","12.17907","0.00891"
"56.05800","12.17955","0.00897"
"56.06400","12.18002","0.00904"
"56.07000","12.18050","0.00911"
"56.07600","12.18104","0.00916"
"56.08200","12.18152","0.00922"
"56.08800","12.18200","0.00929"
"56.09400","12.18248","0.00936"
"56.10000","12.18301","0.00934"
"56.10600","12.18349","0.00938"
"56.11200","12.18397","0.00949"
"56.11800","12.18451","0.00952"
"56.12400","12.18499","0.00954"
"56.13000","12.18553","0.00951"
"56.13600","12.18600","0.00948"
"56.14200","12.18648","0.00949"
"56.14800","12.18702","0.00951"
"56.15400","12.18750","0.00958"
"56.16000","12.18804","0.00966"
"56.16600","12.18852","0.00960"
"56.17200","12.18905","0.00951"
"56.17800","12.18953","0.00952"
"56.18400","12.19007","0.00946"
"56.19000","12.19055","0.00945"
"56.19600","12.19103","0.00944"
"56.20200","12.19151","0.00938"
"56.20800","12.19204","0.00931"
"56.21400","12.19252","0.00933"
"56.22000","12.19300","0.00939"
"56.22600","12.19348","0.00944"
"56.23200","12.19402","0.00938"
"56.23800","12.19449","0.00930"
"56.24400","12.19497","0.00925"
"56.25000","12.19545","0.00922"
"56.25600","12.19599","0.00930"
"56.26200","12.19647","0.00941"
"56.26800","12.19695","0.00940"
"56.27400","12.19748","0.00934"
"56.28000","12.19796","0.00925"
"56.28600","12.19844","0.00919"
"56.29200","12.19898","0.00930"
"56.29800","12.19946","0.00951"
"56.30400","12.20000","0.00955"
"56.31000","12.20047","0.00954"
"56.31600","12.20095","0.00946"
"56.32200","12.20149","0.00940"
"56.32800","12.20197","0.00946"
"56.33400","12.20245","0.00954"
"56.34000","12.20292","0.00959"
"56.34600","12.20340","0.00963"
"56.35200","12.20388","0.00959"
"56.35800","12.20442","0.00948"
"56.36400","12.20490","0.00946"
"56.37000","12.20538","0.00943"
"56.37600","12.20591","0.00939"
"56.38200","12.20639","0.00945"
"56.38800","12.20693","0.00952"
"56.39400","12.20741","0.00966"
"56.40000","12.20789","0.00982"
"56.40600","12.20842","0.00991"
"56.41200","12.20890","0.00986"
"56.41800","12.20938","0.00974"
"56.42400","12.20992","0.00970"
"56.43000","12.21040","0.00976"
"56.43600","12.21094","0.00975"
"56.44200","12.21141","0.00968"
"56.44800","12.21195","0.00960"
"56.45400","12.21249","0.00951"
"56.46000","12.21297","0.00949"
"56.46600","12.21351","0.00944"
"56.47200","12.21398","0.00940"
"56.47800","12.21452","0.00942"
"56.48400","12.21500","0.00941"
"56.49000","12.21548","0.00939"
"56.49600","12.21602","0.00940"
"56.50200","12.21650","0.00932"
"56.50800","12.21697","0.00932"
"56.51400","12.21745","0.00935"
"56.52000","12.21799","0.00941"
"56.52600","12.21847","0.00949"
"56.53200","12.21901","0.00951"
"56.53800","12.21949","0.00952"
"56.54400","12.21996","0.00960"
"56.55000","12.22050","0.00954"
"56.55600","12.22098","0.00950"
"56.56200","12.22146","0.00947"
"56.56800","12.22200","0.00942"
"56.57400","12.22247","0.00939"
"56.58000","12.22301","0.00940"
"56.58600","12.22349","0.00944"
"56.59200","12.22403","0.00949"
"56.59800","12.22457","0.00950"
"56.60400","12.22505","0.00951"
"56.61000","12.22558","0.00963"
"56.61600","12.22606","0.00961"
"56.62200","12.22654","0.00956"
"56.62800","12.22708","0.00963"
"56.63400","12.22756","0.00960"
"56.64000","12.22804","0.00953"
"56.64600","12.22851","0.00946"
"56.65200","12.22899","0.00930"
"56.65800","12.22947","0.00916"
"56.66400","12.22995","0.00911"
"56.67000","12.23049","0.00913"
"56.67600","12.23097","0.00921"
"56.68200","12.23150","0.00925"
"56.68800","12.23198","0.00924"
"56.69400","12.23246","0.00925"
"56.70000","12.23300","0.00916"
"56.70600","12.23348","0.00907"
"56.71200","12.23402","0.00912"
"56.71800","12.23449","0.00917"
"56.72400","12.23503","0.00929"
"56.73000","12.23551","0.00940"
"56.73600","12.23605","0.00943"
"56.74200","12.23653","0.00952"
"56.74800","12.23706","0.00964"
"56.75400","12.23754","0.00975"
"56.76000","12.23802","0.00989"
"56.76600","12.23856","0.00992"
"56.77200","12.23904","0.00991"
"56.77800","12.23952","0.01001"
"56.78400","12.23999","0.01006"
"56.79000","12.24047","0.01008"
"56.79600","12.24101","0.01009"
"56.80200","12.24149","0.01003"
"56.80800","12.24197","0.00990"
"56.81400","12.24251","0.00976"
"56.82000","12.24298","0.00966"
"56.82600","12.24346","0.00959"
"56.83200","12.24400","0.00953"
"56.83800","12.24448","0.00948"
"56.84400","12.24496","0.00949"
"56.85000","12.24549","0.00943"
"56.85600","12.24597","0.00953"
"56.86200","12.24645","0.00971"
"56.86800","12.24699","0.00974"
"56.87400","12.24747","0.00977"
"56.88000","12.24800","0.00980"
"56.88600","12.24848","0.00979"
"56.89200","12.24902","0.00977"
"56.89800","12.24950","0.00972"
"56.90400","12.25004","0.00967"
"56.91000","12.25052","0.00963"
"56.91600","12.25099","0.00956"
"56.92200","12.25153","0.00951"
"56.92800","12.25201","0.00954"
"56.93400","12.25249","0.00949"
"56.94000","12.25297","0.00944"
"56.94600","12.25345","0.00943"
"56.95200","12.25392","0.00943"
"56.95800","12.25446","0.00949"
"56.96400","12.25494","0.00952"
"56.97000","12.25542","0.00953"
"56.97600","12.25590","0.00956"
"56.98200","12.25644","0.00953"
"56.98800","12.25691","0.00950"
"56.99400","12.25745","0.00949"
"57.00000","12.25793","0.00941"
"57.00600","12.25841","0.00943"
"57.01200","12.25895","0.00953"
"57.01800","12.25943","0.00957"
"57.02400","12.25996","0.00964"
"57.03000","12.26050","0.00971"
"57.03600","12.26098","0.00969"
"57.04200","12.26152","0.00962"
"57.04800","12.26200","0.00954"
"57.05400","12.26247","0.00950"
"57.06000","12.26295","0.00944"
"57.06600","12.26349","0.00932"
"57.07200","12.26397","0.00933"
"57.07800","12.26445","0.00940"
"57.08400","12.26499","0.00945"
"57.09000","12.26546","0.00946"
"57.09600","12.26600","0.00945"
"57.10200","12.26648","0.00942"
"57.10800","12.26702","0.00940"
"57.11400","12.26750","0.00938"
"57.12000","12.26798","0.00934"
"57.12600","12.26851","0.00934"
"57.13200","12.26899","0.00931"
"57.13800","12.26953","0.00921"
"57.14400","12.27001","0.00927"
"57.15000","12.27049","0.00926"
"57.15600","12.27102","0.00923"
"57.16200","12.27150","0.00924"
"57.16800","12.27204","0.00922"
"57.17400","12.27252","0.00933"
"57.18000","12.27306","0.00944"
"57.18600","12.27354","0.00944"
"57.19200","12.27407","0.00939"
"57.19800","12.27455","0.00927"
"57.20400","12.27503","0.00918"
"57.21000","12.27551","0.00926"
"57.21600","12.27599","0.00940"
"57.22200","12.27653","0.00946"
"57.22800","12.27700","0.00952"
"57.23400","12.27748","0.00952"
"57.24000","12.27802","0.00950"
"57.24600","12.27850","0.00946"
"57.25200","12.27904","0.00939"
"57.25800","12.27952","0.00935"
"57.26400","12.27999","0.00931"
"57.27000","12.28053","0.00929"
"57.27600","12.28101","0.00931"
"57.28200","12.28155","0.00930"
"57.28800","12.28203","0.00932"
"57.29400","12.28251","0.00949"
"57.30000","12.28298","0.00962"
"57.30600","12.28352","0.00970"
"57.31200","12.28400","0.00983"
"57.31800","12.28454","0.00991"
"57.32400","12.28502","0.00999"
"57.33000","12.28549","0.01001"
"57.33600","12.28603","0.00991"
"57.34200","12.28651","0.00981"
"57.34800","12.28699","0.00969"
"57.35400","12.28753","0.00951"
"57.36000","12.28800","0.00949"
"57.36600","12.28848","0.00950"
"57.37200","12.28896","0.00944"
"57.37800","12.28950","0.00936"
"57.38400","12.28998","0.00925"
"57.39000","12.29051","0.00917"
"57.39600","12.29099","0.00917"
"57.40200","12.29147","0.00921"
"57.40800","12.29201","0.00922"
"57.41400","12.29249","0.00920"
"57.42000","12.29297","0.00912"
"57.42600","12.29350","0.00910"
"57.43200","12.29398","0.00920"
"57.43800","12.29446","0.00926"
"57.44400","12.29500","0.00933"
"57.45000","12.29548","0.00936"
"57.45600","12.29596","0.00937"
"57.46200","12.29649","0.00937"
"57.46800","12.29697","0.00936"
"57.47400","12.29745","0.00943"
"57.48000","12.29799","0.00946"
"57.48600","12.29847","0.00944"
"57.49200","12.29895","0.00949"
"57.49800","12.29942","0.00944"
"57.50400","12.29996","0.00936"
"57.51000","12.30044","0.00940"
"57.51600","12.30092","0.00939"
"57.52200","12.30146","0.00930"
"57.52800","12.30194","0.00918"
"57.53400","12.30247","0.00910"
"57.54000","12.30295","0.00911"
"57.54600","12.30349","0.00920"
"57.55200","12.30397","0.00920"
"57.55800","12.30445","0.00920"
"57.56400","12.30498","0.00917"
"57.57000","12.30546","0.00911"
"57.57600","12.30594","0.00918"
"57.58200","12.30648","0.00930"
"57.58800","12.30696","0.00934"
"57.59400","12.30750","0.00941"
"57.60000","12.30797","0.00940"
"57.60600","12.30845","0.00937"
"57.61200","12.30899","0.00943"
"57.61800","12.30947","0.00950"
"57.62400","12.30995","0.00963"
"57.63000","12.31049","0.00975"
"57.63600","12.31096","0.00973"
"57.64200","12.31150","0.00964"
"57.64800","12.31198","0.00951"
"57.65400","12.31246","0.00938"
"57.66000","12.31300","0.00931"
"57.66600","12.31348","0.00928"
"57.67200","12.31401","0.00918"
"57.67800","12.31449","0.00922"
"57.68400","12.31503","0.00926"
"57.69000","12.31551","0.00925"
"57.69600","12.31599","0.00924"
"57.70200","12.31652","0.00926"
"57.70800","12.31700","0.00932"
"57.71400","12.31748","0.00934"
"57.72000","12.31802","0.00935"
"57.72600","12.31850","0.00940"
"57.73200","12.31898","0.00942"
"57.73800","12.31951","0.00937"
"57.74400","12.31999","0.00939"
"57.75000","12.32047","0.00941"
"57.75600","12.32101","0.00947"
"57.76200","12.32149","0.00955"
"57.76800","12.32203","0.00959"
"57.77400","12.32250","0.00969"
"57.78000","12.32298","0.00969"
"57.78600","12.32352","0.00954"
"57.79200","12.32400","0.00941"
"57.79800","12.32454","0.00926"
"57.80400","12.32502","0.00908"
"57.81000","12.32555","0.00910"
"57.81600","12.32603","0.00906"
"57.82200","12.32651","0.00904"
"57.82800","12.32705","0.00914"
"57.83400","12.32753","0.00929"
"57.84000","12.32800","0.00936"
"57.84600","12.32854","0.00938"
"57.85200","12.32902","0.00936"
"57.85800","12.32950","0.00941"
"57.86400","12.32998","0.00944"
"57.87000","12.33051","0.00942"
"57.87600","12.33099","0.00945"
"57.88200","12.33147","0.00949"
"57.88800","12.33201","0.00938"
"57.89400","12.33249","0.00933"
"57.90000","12.33297","0.00933"
"57.90600","12.33344","0.00936"
"57.91200","12.33398","0.00937"
"57.91800","12.33446","0.00929"
"57.92400","12.33494","0.00917"
"57.93000","12.33548","0.00909"
"57.93600","12.33596","0.00900"
"57.94200","12.33643","0.00904"
"57.94800","12.33697","0.00911"
"57.95400","12.33745","0.00918"
"57.96000","12.33799","0.00932"
"57.96600","12.33847","0.00952"
"57.97200","12.33894","0.00963"
"57.97800","12.33948","0.00977"
"57.98400","12.33996","0.00981"
"57.99000","12.34050","0.00978"
"57.99600","12.34098","0.00972"
"58.00200","12.34146","0.00958"
"58.00800","12.34193","0.00947"
"58.01400","12.34241","0.00933"
"58.02000","12.34295","0.00919"
"58.02600","12.34343","0.00910"
"58.03200","12.34391","0.00907"
"58.03800","12.34445","0.00912"
"58.04400","12.34492","0.00924"
"58.05000","12.34546","0.00935"
"58.05600","12.34594","0.00941"
"58.06200","12.34648","0.00938"
"58.06800","12.34696","0.00928"
"58.07400","12.34744","0.00916"
"58.08000","12.34797","0.00913"
"58.08600","12.34845","0.00920"
"58.09200","12.34899","0.00925"
"58.09800","12.34947","0.00921"
"58.10400","12.35001","0.00917"
"58.11000","12.35048","0.00916"
"58.11600","12.35096","0.00919"
"58.12200","12.35150","0.00926"
"58.12800","12.35198","0.00935"
"58.13400","12.35252","0.00936"
"58.14000","12.35300","0.00935"
"58.14600","12.35347","0.00931"
"58.15200","12.35401","0.00934"
"58.15800","12.35449","0.00949"
"58.16400","12.35497","0.00948"
"58.17000","12.35551","0.00933"
"58.17600","12.35599","0.00917"
"58.18200","12.35652","0.00908"
"58.18800","12.35700","0.00906"
"58.19400","12.35748","0.00917"
"58.20000","12.35802","0.00924"
"58.20600","12.35850","0.00919"
"58.21200","12.35903","0.00914"
"58.21800","12.35951","0.00919"
"58.22400","12.35999","0.00930"
"58.23000","12.36047","0.00942"
"58.23600","12.36101","0.00949"
"58.24200","12.36149","0.00955"
"58.24800","12.36197","0.00961"
"58.25400","12.36250","0.00960"
"58.26000","12.36298","0.00959"
"58.26600","12.36346","0.00949"
"58.27200","12.36400","0.00940"
"58.27800","12.36448","0.00934"
"58.28400","12.36501","0.00935"
"58.29000","12.36549","0.00939"
"58.29600","12.36597","0.00936"
"58.30200","12.36651","0.00932"
"58.30800","12.36699","0.00932"
"58.31400","12.36753","0.00934"
"58.32000","12.36800","0.00936"
"58.32600","12.36854","0.00945"
"58.33200","12.36902","0.00947"
"58.33800","12.36956","0.00948"
"58.34400","12.37004","0.00948"
"58.35000","12.37051","0.00941"
"58.35600","12.37099","0.00930"
"58.36200","12.37153","0.00924"
"58.36800","12.37201","0.00920"
"58.37400","12.37249","0.00919"
"58.38000","12.37296","0.00918"
"58.38600","12.37350","0.00915"
"58.39200","12.37398","0.00918"
"58.39800","12.37446","0.00930"
"58.40400","12.37500","0.00931"
"58.41000","12.37548","0.00931"
"58.41600","12.37595","0.00932"
"58.42200","12.37649","0.00927"
"58.42800","12.37697","0.00925"
"58.43400","12.37751","0.00932"
"58.44000","12.37799","0.00940"
"58.44600","12.37847","0.00950"
"58.45200","12.37900","0.00954"
"58.45800","12.37948","0.00955"
"58.46400","12.38002","0.00951"
"58.47000","12.38050","0.00938"
"58.47600","12.38104","0.00930"
"58.48200","12.38152","0.00932"
"58.48800","12.38199","0.00933"
"58.49400","12.38247","0.00933"
"58.50000","12.38301","0.00934"
"58.50600","12.38349","0.00938"
"58.51200","12.38397","0.00944"
"58.51800","12.38444","0.00943"
"58.52400","12.38498","0.00946"
"58.53000","12.38546","0.00954"
"58.53600","12.38594","0.00955"
"58.54200","12.38642","0.00953"
"58.54800","12.38696","0.00953"
"58.55400","12.38743","0.00948"
"58.56000","12.38791","0.00948"
"58.56600","12.38839","0.00950"
"58.57200","12.38893","0.00948"
"58.57800","12.38941","0.00950"
"58.58400","12.38995","0.00952"
"58.59000","12.39042","0.00954"
"58.59600","12.39096","0.00954"
"58.60200","12.39144","0.00958"
"58.60800","12.39198","0.00961"
"58.61400","12.39252","0.00958"
"58.62000","12.39300","0.00951"
"58.62600","12.39347","0.00948"
"58.63200","12.39401","0.00945"
"58.63800","12.39449","0.00934"
"58.64400","12.39497","0.00930"
"58.65000","12.39545","0.00930"
"58.65600","12.39599","0.00934"
"58.66200","12.39646","0.00938"
"58.66800","12.39694","0.00938"
"58.67400","12.39748","0.00929"
"58.68000","12.39796","0.00924"
"58.68600","12.39850","0.00916"
"58.69200","12.39897","0.00915"
"58.69800","12.39945","0.00918"
"58.70400","12.39999","0.00916"
"58.71000","12.40047","0.00918"
"58.71600","12.40101","0.00924"
"58.72200","12.40149","0.00926"
"58.72800","12.40202","0.00931"
"58.73400","12.40250","0.00929"
"58.74000","12.40304","0.00924"
"58.74600","12.40352","0.00922"
"58.75200","12.40406","0.00923"
"58.75800","12.40454","0.00935"
"58.76400","12.40501","0.00948"
"58.77000","12.40555","0.00952"
"58.77600","12.40603","0.00952"
"58.78200","12.40651","0.00950"
"58.78800","12.40699","0.00940"
"58.79400","12.40752","0.00947"
"58.80000","12.40800","0.00951"
"58.80600","12.40848","0.00951"
"58.81200","12.40896","0.00948"
"58.81800","12.40950","0.00939"
"58.82400","12.40998","0.00936"
"58.83000","12.41045","0.00945"
"58.83600","12.41099","0.00951"
"58.84200","12.41147","0.00955"
"58.84800","12.41195","0.00956"
"58.85400","12.41249","0.00953"
"58.86000","12.41297","0.00955"
"58.86600","12.41350","0.00958"
"58.87200","12.41398","0.00949"
"58.87800","12.41452","0.00947"
"58.88400","12.41500","0.00941"
"58.89000","12.41554","0.00932"
"58.89600","12.41601","0.00930"
"58.90200","12.41649","0.00931"
"58.90800","12.41703","0.00943"
"58.91400","12.41751","0.00957"
"58.92000","12.41799","0.00963"
"58.92600","12.41853","0.00967"
"58.93200","12.41900","0.00971"
"58.93800","12.41948","0.00967"
"58.94400","12.42002","0.00968"
"58.95000","12.42050","0.00965"
"58.95600","12.42098","0.00959"
"58.96200","12.42151","0.00954"
"58.96800","12.42199","0.00948"
"58.97400","12.42247","0.00946"
"58.98000","12.42295","0.00949"
"58.98600","12.42349","0.00939"
"58.99200","12.42397","0.00922"
"58.99800","12.42450","0.00911"
"59.00400","12.42498","0.00907"
"59.01000","12.42546","0.00908"
"59.01600","12.42600","0.00912"
"59.02200","12.42648","0.00916"
"59.02800","12.42702","0.00917"
"59.03400","12.42749","0.00911"
"59.04000","12.42797","0.00903"
"59.04600","12.42851","0.00904"
"59.05200","12.42899","0.00900"
"59.05800","12.42947","0.00903"
"59.06400","12.43001","0.00910"
"59.07000","12.43048","0.00911"
"59.07600","12.43096","0.00911"
"59.08200","12.43150","0.00917"
"59.08800","12.43198","0.00928"
"59.09400","12.43246","0.00934"
"59.10000","12.43299","0.00933"
"59.10600","12.43347","0.00924"
"59.11200","12.43395","0.00914"
"59.11800","12.43449","0.00903"
"59.12400","12.43497","0.00903"
"59.13000","12.43545","0.00907"
"59.13600","12.43592","0.00902"
"59.14200","12.43646","0.00894"
"59.14800","12.43694","0.00891"
"59.15400","12.43748","0.00896"
"59.16000","12.43796","0.00902"
"59.16600","12.43849","0.00905"
"59.17200","12.43897","0.00901"
"59.17800","12.43951","0.00902"
"59.18400","12.43999","0.00907"
"59.19000","12.44053","0.00922"
"59.19600","12.44101","0.00943"
"59.20200","12.44148","0.00950"
"59.20800","12.44202","0.00948"
"59.21400","12.44250","0.00936"
"59.22000","12.44298","0.00922"
"59.22600","12.44352","0.00917"
"59.23200","12.44400","0.00916"
"59.23800","12.44447","0.00910"
"59.24400","12.44501","0.00908"
"59.25000","12.44549","0.00899"
"59.25600","12.44597","0.00901"
"59.26200","12.44651","0.00909"
"59.26800","12.44699","0.00911"
"59.27400","12.44752","0.00915"
"59.28000","12.44800","0.00922"
"59.28600","12.44848","0.00922"
"59.29200","12.44902","0.00923"
"59.29800","12.44950","0.00930"
"59.30400","12.45003","0.00943"
"59.31000","12.45051","0.00953"
"59.31600","12.45105","0.00960"
"59.32200","12.45153","0.00952"
"59.32800","12.45201","0.00950"
"59.33400","12.45255","0.00942"
"59.34000","12.45302","0.00936"
"59.34600","12.45350","0.00932"
"59.35200","12.45404","0.00929"
"59.35800","12.45452","0.00935"
"59.36400","12.45500","0.00940"
"59.37000","12.45553","0.00943"
"59.37600","12.45601","0.00947"
"59.38200","12.45649","0.00948"
"59.38800","12.45703","0.00946"
"59.39400","12.45751","0.00945"
"59.40000","12.45799","0.00936"
"59.40600","12.45852","0.00927"
"59.41200","12.45900","0.00920"
"59.41800","12.45948","0.00920"
"59.42400","12.46002","0.00926"
"59.43000","12.46050","0.00935"
"59.43600","12.46097","0.00937"
"59.44200","12.46151","0.00939"
"59.44800","12.46199","0.00949"
"59.45400","12.46253","0.00957"
"59.46000","12.46301","0.00958"
"59.46600","12.46349","0.00957"
"59.47200","12.46403","0.00953"
"59.47800","12.46450","0.00953"
"59.48400","12.46504","0.00956"
"59.49000","12.46552","0.00957"
"59.49600","12.46606","0.00959"
"59.50200","12.46654","0.00955"
"59.50800","12.46701","0.00953"
"59.51400","12.46755","0.00963"
"59.52000","12.46803","0.00969"
"59.52600","12.46851","0.00974"
"59.53200","12.46899","0.00972"
"59.53800","12.46947","0.00960"
"59.54400","12.47000","0.00951"
"59.55000","12.47048","0.00943"
"59.55600","12.47096","0.00940"
"59.56200","12.47150","0.00937"
"59.56800","12.47198","0.00926"
"59.57400","12.47245","0.00915"
"59.58000","12.47299","0.00914"
"59.58600","12.47347","0.00911"
"59.59200","12.47401","0.00908"
"59.59800","12.47449","0.00908"
"59.60400","12.47497","0.00903"
"59.61000","12.47550","0.00899"
"59.61600","12.47598","0.00901"
"59.62200","12.47646","0.00912"
"59.62800","12.47700","0.00929"
"59.63400","12.47748","0.00937"
"59.64000","12.47802","0.00941"
"59.64600","12.47849","0.00945"
"59.65200","12.47897","0.00947"
"59.65800","12.47945","0.00951"
"59.66400","12.47999","0.00957"
"59.67000","12.48047","0.00959"
"59.67600","12.48101","0.00959"
"59.68200","12.48148","0.00961"
"59.68800","12.48196","0.00958"
"59.69400","12.48244","0.00954"
"59.70000","12.48298","0.00948"
"59.70600","12.48346","0.00947"
"59.71200","12.48400","0.00940"
"59.71800","12.48447","0.00926"
"59.72400","12.48495","0.00917"
"59.73000","12.48549","0.00921"
"59.73600","12.48597","0.00929"
"59.74200","12.48651","0.00928"
"59.74800","12.48699","0.00929"
"59.75400","12.48752","0.00930"
"59.76000","12.48800","0.00938"
"59.76600","12.48854","0.00946"
"59.77200","12.48902","0.00945"
"59.77800","12.48950","0.00943"
"59.78400","12.49003","0.00934"
"59.79000","12.49051","0.00923"
"59.79600","12.49099","0.00923"
"59.80200","12.49153","0.00925"
"59.80800","12.49201","0.00929"
"59.81400","12.49249","0.00934"
"59.82000","12.49302","0.00935"
"59.82600","12.49350","0.00937"
"59.83200","12.49398","0.00948"
"59.83800","12.49452","0.00956"
"59.84400","12.49500","0.00957"
"59.85000","12.49547","0.00950"
"59.85600","12.49595","0.00943"
"59.86200","12.49649","0.00940"
"59.86800","12.49697","0.00927"
"59.87400","12.49751","0.00911"
"59.88000","12.49799","0.00911"
"59.88600","12.49852","0.00913"
"59.89200","12.49900","0.00911"
"59.89800","12.49954","0.00915"
"59.90400","12.50002","0.00918"
"59.91000","12.50056","0.00923"
"59.91600","12.50103","0.00930"
"59.92200","12.50157","0.00934"
"59.92800","12.50205","0.00937"
"59.93400","12.50253","0.00934"
"59.94000","12.50307","0.00929"
"59.94600","12.50355","0.00931"
"59.95200","12.50402","0.00930"
"59.95800","12.50456","0.00938"
"59.96400","12.50504","0.00947"
"59.97000","12.50552","0.00939"
"59.97600","12.50600","0.00929"
"59.98200","12.50654","0.00928"
"59.98800","12.50701","0.00928"
"59.99400","12.50749","0.00927"
"60.00000","12.50797","0.00927"
"60.00600","12.50851","0.00932"
"60.01200","12.50899","0.00936"
"60.01800","12.50953","0.00939"
"60.02400","12.51000","0.00951"
"60.03000","12.51054","0.00964"
"60.03600","12.51102","0.00964"
"60.04200","12.51156","0.00957"
"60.04800","12.51204","0.00954"
"60.05400","12.51251","0.00955"
"60.06000","12.51305","0.00962"
"60.06600","12.51353","0.00969"
"60.07200","12.51401","0.00972"
"60.07800","12.51449","0.00972"
"60.08400","12.51503","0.00968"
"60.09000","12.51550","0.00960"
"60.09600","12.51598","0.00961"
"60.10200","12.51646","0.00952"
"60.10800","12.51694","0.00936"
"60.11400","12.51748","0.00932"
"60.12000","12.51795","0.00934"
"60.12600","12.51843","0.00944"
"60.13200","12.51897","0.00952"
"60.13800","12.51945","0.00958"
"60.14400","12.51993","0.00961"
"60.15000","12.52047","0.00960"
"60.15600","12.52094","0.00953"
"60.16200","12.52142","0.00956"
"60.16800","12.52196","0.00952"
"60.17400","12.52244","0.00939"
"60.18000","12.52298","0.00935"
"60.18600","12.52346","0.00935"
"60.19200","12.52399","0.00935"
"60.19800","12.52447","0.00950"
"60.20400","12.52501","0.00960"
"60.21000","12.52549","0.00958"
"60.21600","12.52603","0.00948"
"60.22200","12.52650","0.00938"
"60.22800","12.52698","0.00948"
"60.23400","12.52746","0.00956"
"60.24000","12.52800","0.00959"
"60.24600","12.52848","0.00955"
"60.25200","12.52902","0.00943"
"60.25800","12.52949","0.00935"
"60.26400","12.52997","0.00937"
"60.27000","12.53051","0.00948"
"60.27600","12.53099","0.00961"
"60.28200","12.53147","0.00964"
"60.28800","12.53201","0.00960"
"60.29400","12.53248","0.00972"
"60.30000","12.53302","0.00978"
"60.30600","12.53350","0.00990"
"60.31200","12.53404","0.01001"
"60.31800","12.53452","0.00999"
"60.32400","12.53505","0.00990"
"60.33000","12.53553","0.00983"
"60.33600","12.53607","0.00968"
"60.34200","12.53655","0.00963"
"60.34800","12.53709","0.00964"
"60.35400","12.53757","0.00953"
"60.36000","12.53804","0.00948"
"60.36600","12.53852","0.00947"
"60.37200","12.53906","0.00946"
"60.37800","12.53954","0.00954"
"60.38400","12.54002","0.00950"
"60.39000","12.54050","0.00944"
"60.39600","12.54103","0.00944"
"60.40200","12.54151","0.00946"
"60.40800","12.54199","0.00959"
"60.41400","12.54247","0.00972"
"60.42000","12.54295","0.00976"
"60.42600","12.54349","0.00976"
"60.43200","12.54396","0.00976"
"60.43800","12.54444","0.00967"
"60.44400","12.54498","0.00959"
"60.45000","12.54546","0.00954"
"60.45600","12.54600","0.00961"
"60.46200","12.54648","0.00965"
"60.46800","12.54701","0.00959"
"60.47400","12.54749","0.00947"
"60.48000","12.54803","0.00950"
"60.48600","12.54851","0.00952"
"60.49200","12.54905","0.00948"
"60.49800","12.54952","0.00942"
"60.50400","12.55000","0.00929"
"60.51000","12.55048","0.00921"
"60.51600","12.55102","0.00920"
"60.52200","12.55150","0.00917"
"60.52800","12.55198","0.00923"
"60.53400","12.55251","0.00929"
"60.54000","12.55299","0.00935"
"60.54600","12.55347","0.00939"
"60.55200","12.55395","0.00949"
"60.55800","12.55449","0.00962"
"60.56400","12.55496","0.00963"
"60.57000","12.55544","0.00958"
"60.57600","12.55592","0.00952"
"60.58200","12.55646","0.00952"
"60.58800","12.55694","0.00952"
"60.59400","12.55748","0.00953"
"60.60000","12.55795","0.00962"
"60.60600","12.55849","0.00967"
"60.61200","12.55897","0.00961"
"60.61800","12.55951","0.00950"
"60.62400","12.55999","0.00945"
"60.63000","12.56047","0.00950"
"60.63600","12.56094","0.00942"
"60.64200","12.56148","0.00933"
"60.64800","12.56196","0.00930"
"60.65400","12.56244","0.00930"
"60.66000","12.56292","0.00933"
"60.66600","12.56346","0.00945"
"60.67200","12.56393","0.00956"
"60.67800","12.56441","0.00962"
"60.68400","12.56495","0.00958"
"60.69000","12.56543","0.00956"
"60.69600","12.56591","0.00967"
"60.70200","12.56638","0.00979"
"60.70800","12.56692","0.00980"
"60.71400","12.56740","0.00977"
"60.72000","12.56788","0.00961"
"60.72600","12.56836","0.00948"
"60.73200","12.56890","0.00941"
"60.73800","12.56937","0.00950"
"60.74400","12.56991","0.00969"
"60.75000","12.57045","0.00982"
"60.75600","12.57093","0.00983"
"60.76200","12.57147","0.00986"
"60.76800","12.57201","0.00990"
"60.77400","12.57248","0.00990"
"60.78000","12.57296","0.00993"
"60.78600","12.57350","0.00981"
"60.79200","12.57398","0.00970"
"60.79800","12.57446","0.00963"
"60.80400","12.57500","0.00957"
"60.81000","12.57547","0.00964"
"60.81600","12.57595","0.00963"
"60.82200","12.57649","0.00952"
"60.82800","12.57697","0.00945"
"60.83400","12.57745","0.00938"
"60.84000","12.57798","0.00940"
"60.84600","12.57846","0.00952"
"60.85200","12.57894","0.00956"
"60.85800","12.57948","0.00948"
"60.86400","12.57996","0.00939"
"60.87000","12.58044","0.00933"
"60.87600","12.58097","0.00940"
"60.88200","12.58145","0.00955"
"60.88800","12.58199","0.00957"
"60.89400","12.58253","0.00963"
"60.90000","12.58301","0.00959"
"60.90600","12.58354","0.00948"
"60.91200","12.58402","0.00951"
"60.91800","12.58456","0.00964"
"60.92400","12.58504","0.00964"
"60.93000","12.58552","0.00965"
"60.93600","12.58600","0.00959"
"60.94200","12.58653","0.00953"
"60.94800","12.58701","0.00948"
"60.95400","12.58749","0.00952"
"60.96000","12.58797","0.00951"
"60.96600","12.58845","0.00952"
"60.97200","12.58892","0.00942"
"60.97800","12.58946","0.00938"
"60.98400","12.58994","0.00933"
"60.99000","12.59042","0.00930"
"60.99600","12.59096","0.00930"
"61.00200","12.59144","0.00925"
"61.00800","12.59198","0.00917"
"61.01400","12.59245","0.00925"
"61.02000","12.59293","0.00941"
"61.02600","12.59347","0.00953"
"61.03200","12.59401","0.00965"
"61.03800","12.59449","0.00963"
"61.04400","12.59496","0.00965"
"61.05000","12.59550","0.00970"
"61.05600","12.59598","0.00968"
"61.06200","12.59652","0.00970"
"61.06800","12.59700","0.00974"
"61.07400","12.59748","0.00969"
"61.08000","12.59795","0.00966"
"61.08600","12.59849","0.00954"
"61.09200","12.59897","0.00946"
"61.09800","12.59945","0.00951"
"61.10400","12.59993","0.00951"
"61.11000","12.60046","0.00952"
"61.11600","12.60094","0.00949"
"61.12200","12.60142","0.00937"
"61.12800","12.60190","0.00936"
"61.13400","12.60244","0.00941"
"61.14000","12.60292","0.00951"
"61.14600","12.60345","0.00962"
"61.15200","12.60393","0.00962"
"61.15800","12.60441","0.00954"
"61.16400","12.60495","0.00954"
"61.17000","12.60543","0.00958"
"61.17600","12.60596","0.00961"
"61.18200","12.60650","0.00956"
"61.18800","12.60698","0.00940"
"61.19400","12.60746","0.00928"
"61.20000","12.60800","0.00930"
"61.20600","12.60848","0.00941"
"61.21200","12.60901","0.00953"
"61.21800","12.60949","0.00956"
"61.22400","12.60997","0.00948"
"61.23000","12.61051","0.00940"
"61.23600","12.61099","0.00933"
"61.24200","12.61147","0.00930"
"61.24800","12.61194","0.00933"
"61.25400","12.61248","0.00932"
"61.26000","12.61296","0.00929"
"61.26600","12.61344","0.00922"
"61.27200","12.61392","0.00916"
"61.27800","12.61446","0.00922"
"61.28400","12.61493","0.00933"
"61.29000","12.61541","0.00941"
"61.29600","12.61595","0.00941"
"61.30200","12.61643","0.00942"
"61.30800","12.61697","0.00944"
"61.31400","12.61745","0.00945"
"61.32000","12.61798","0.00935"
"61.32600","12.61846","0.00929"
"61.33200","12.61900","0.00921"
"61.33800","12.61948","0.00915"
"61.34400","12.62002","0.00915"
"61.35000","12.62049","0.00920"
"61.35600","12.62097","0.00922"
"61.36200","12.62151","0.00927"
"61.36800","12.62199","0.00930"
"61.37400","12.62247","0.00928"
"61.38000","12.62295","0.00933"
"61.38600","12.62348","0.00945"
"61.39200","12.62396","0.00952"
"61.39800","12.62450","0.00952"
"61.40400","12.62498","0.00949"
"61.41000","12.62546","0.00952"
"61.41600","12.62599","0.00954"
"61.42200","12.62647","0.00946"
"61.42800","12.62701","0.00943"
"61.43400","12.62749","0.00938"
"61.44000","12.62797","0.00930"
"61.44600","12.62851","0.00934"
"61.45200","12.62898","0.00934"
"61.45800","12.62952","0.00935"
"61.46400","12.63000","0.00942"
"61.47000","12.63054","0.00942"
"61.47600","12.63102","0.00940"
"61.48200","12.63150","0.00942"
"61.48800","12.63203","0.00945"
"61.49400","12.63251","0.00961"
"61.50000","12.63305","0.00976"
"61.50600","12.63353","0.00977"
"61.51200","12.63401","0.00978"
"61.51800","12.63455","0.00970"
"61.52400","12.63502","0.00959"
"61.53000","12.63550","0.00958"
"61.53600","12.63604","0.00958"
"61.54200","12.63652","0.00960"
"61.54800","12.63700","0.00953"
"61.55400","12.63748","0.00937"
"61.56000","12.63801","0.00931"
"61.56600","12.63849","0.00935"
"61.57200","12.63897","0.00939"
"61.57800","12.63951","0.00938"
"61.58400","12.63999","0.00933"
"61.59000","12.64046","0.00927"
"61.59600","12.64100","0.00925"
"61.60200","12.64148","0.00925"
"61.60800","12.64202","0.00923"
"61.61400","12.64250","0.00922"
"61.62000","12.64303","0.00921"
"61.62600","12.64351","0.00920"
"61.63200","12.64399","0.00925"
"61.63800","12.64453","0.00929"
"61.64400","12.64501","0.00938"
"61.65000","12.64549","0.00943"
"61.65600","12.64602","0.00938"
"61.66200","12.64650","0.00944"
"61.66800","12.64698","0.00950"
"61.67400","12.64752","0.00952"
"61.68000","12.64800","0.00959"
"61.68600","12.64848","0.00961"
"61.69200","12.64901","0.00957"
"61.69800","12.64949","0.00951"
"61.70400","12.64997","0.00949"
"61.71000","12.65045","0.00957"
"61.71600","12.65099","0.00967"
"61.72200","12.65147","0.00961"
"61.72800","12.65194","0.00954"
"61.73400","12.65248","0.00952"
"61.74000","12.65296","0.00948"
"61.74600","12.65344","0.00955"
"61.75200","12.65398","0.00952"
"61.75800","12.65446","0.00950"
"61.76400","12.65499","0.00950"
"61.77000","12.65547","0.00957"
"61.77600","12.65595","0.00962"
"61.78200","12.65649","0.00968"
"61.78800","12.65697","0.00968"
"61.79400","12.65744","0.00973"
"61.80000","12.65798","0.00975"
"61.80600","12.65846","0.00971"
"61.81200","12.65894","0.00975"
"61.81800","12.65948","0.00972"
"61.82400","12.65996","0.00962"
"61.83000","12.66043","0.00957"
"61.83600","12.66097","0.00953"
"61.84200","12.66145","0.00949"
"61.84800","12.66193","0.00955"
"61.85400","12.66247","0.00955"
"61.86000","12.66295","0.00953"
"61.86600","12.66342","0.00950"
"61.87200","12.66396","0.00938"
"61.87800","12.66444","0.00937"
"61.88400","12.66498","0.00942"
"61.89000","12.66552","0.00940"
"61.89600","12.66599","0.00929"
"61.90200","12.66653","0.00917"
"61.90800","12.66701","0.00905"
"61.91400","12.66749","0.00904"
"61.92000","12.66803","0.00914"
"61.92600","12.66851","0.00926"
"61.93200","12.66898","0.00933"
"61.93800","12.66952","0.00927"
"61.94400","12.67000","0.00927"
"61.95000","12.67054","0.00936"
"61.95600","12.67102","0.00935"
"61.96200","12.67156","0.00935"
"61.96800","12.67203","0.00939"
"61.97400","12.67251","0.00940"
"61.98000","12.67305","0.00943"
"61.98600","12.67353","0.00946"
"61.99200","12.67401","0.00952"
"61.99800","12.67448","0.00957"
"62.00400","12.67496","0.00942"
"62.01000","12.67550","0.00927"
"62.01600","12.67598","0.00922"
"62.02200","12.67652","0.00923"
"62.02800","12.67700","0.00927"
"62.03400","12.67753","0.00930"
"62.04000","12.67801","0.00922"
"62.04600","12.67855","0.00919"
"62.05200","12.67903","0.00918"
"62.05800","12.67957","0.00922"
"62.06400","12.68005","0.00923"
"62.07000","12.68052","0.00915"
"62.07600","12.68106","0.00914"
"62.08200","12.68154","0.00922"
"62.08800","12.68208","0.00922"
"62.09400","12.68256","0.00927"
"62.10000","12.68303","0.00936"
"62.10600","12.68357","0.00945"
"62.11200","12.68405","0.00950"
"62.11800","12.68453","0.00951"
"62.12400","12.68501","0.00950"
"62.13000","12.68548","0.00954"
"62.13600","12.68602","0.00959"
"62.14200","12.68650","0.00965"
"62.14800","12.68698","0.00967"
"62.15400","12.68746","0.00962"
"62.16000","12.68800","0.00961"
"62.16600","12.68847","0.00965"
"62.17200","12.68901","0.00957"
"62.17800","12.68949","0.00944"
"62.18400","12.69003","0.00932"
"62.19000","12.69051","0.00927"
"62.19600","12.69099","0.00929"
"62.20200","12.69152","0.00936"
"62.20800","12.69200","0.00939"
"62.21400","12.69248","0.00953"
"62.22000","12.69302","0.00967"
"62.22600","12.69350","0.00976"
"62.23200","12.69398","0.00983"
"62.23800","12.69445","0.00979"
"62.24400","12.69493","0.00972"
"62.25000","12.69541","0.00969"
"62.25600","12.69595","0.00964"
"62.26200","12.69643","0.00957"
"62.26800","12.69691","0.00947"
"62.27400","12.69744","0.00936"
"62.28000","12.69792","0.00936"
"62.28600","12.69840","0.00940"
"62.29200","12.69894","0.00942"
"62.29800","12.69942","0.00945"
"62.30400","12.69990","0.00940"
"62.31000","12.70043","0.00942"
"62.31600","12.70091","0.00949"
"62.32200","12.70145","0.00960"
"62.32800","12.70193","0.00972"
"62.33400","12.70247","0.00976"
"62.34000","12.70294","0.00966"
"62.34600","12.70348","0.00962"
"62.35200","12.70396","0.00961"
"62.35800","12.70450","0.00963"
"62.36400","12.70498","0.00965"
"62.37000","12.70551","0.00964"
"62.37600","12.70599","0.00960"
"62.38200","12.70647","0.00963"
"62.38800","12.70695","0.00960"
"62.39400","12.70749","0.00953"
"62.40000","12.70797","0.00943"
"62.40600","12.70845","0.00928"
"62.41200","12.70898","0.00922"
"62.41800","12.70946","0.00929"
"62.42400","12.71000","0.00933"
"62.43000","12.71048","0.00937"
"62.43600","12.71096","0.00944"
"62.44200","12.71149","0.00945"
"62.44800","12.71197","0.00938"
"62.45400","12.71251","0.00931"
"62.46000","12.71299","0.00936"
"62.46600","12.71353","0.00947"
"62.47200","12.71401","0.00953"
"62.47800","12.71454","0.00955"
"62.48400","12.71508","0.00955"
"62.49000","12.71556","0.00956"
"62.49600","12.71604","0.00963"
"62.50200","12.71658","0.00963"
"62.50800","12.71706","0.00962"
"62.51400","12.71753","0.00958"
"62.52000","12.71801","0.00946"
"62.52600","12.71849","0.00941"
"62.53200","12.71903","0.00946"
"62.53800","12.71951","0.00949"
"62.54400","12.71998","0.00951"
"62.55000","12.72046","0.00959"
"62.55600","12.72094","0.00961"
"62.56200","12.72148","0.00969"
"62.56800","12.72196","0.00977"
"62.57400","12.72243","0.00977"
"62.58000","12.72297","0.00973"
"62.58600","12.72345","0.00958"
"62.59200","12.72399","0.00947"
"62.59800","12.72447","0.00947"
"62.60400","12.72495","0.00949"
"62.61000","12.72548","0.00957"
"62.61600","12.72596","0.00964"
"62.62200","12.72650","0.00959"
"62.62800","12.72698","0.00963"
"62.63400","12.72752","0.00970"
"62.64000","12.72800","0.00973"
"62.64600","12.72847","0.00977"
"62.65200","12.72895","0.00980"
"62.65800","12.72943","0.00971"
"62.66400","12.72997","0.00963"
"62.67000","12.73045","0.00955"
"62.67600","12.73093","0.00949"
"62.68200","12.73146","0.00948"
"62.68800","12.73194","0.00948"
"62.69400","12.73248","0.00951"
"62.70000","12.73296","0.00950"
"62.70600","12.73344","0.00945"
"62.71200","12.73397","0.00952"
"62.71800","12.73445","0.00959"
"62.72400","12.73493","0.00962"
"62.73000","12.73547","0.00969"
"62.73600","12.73595","0.00975"
"62.74200","12.73643","0.00980"
"62.74800","12.73696","0.00986"
"62.75400","12.73744","0.00983"
"62.76000","12.73792","0.00975"
"62.76600","12.73846","0.00964"
"62.77200","12.73894","0.00949"
"62.77800","12.73942","0.00945"
"62.78400","12.73995","0.00946"
"62.79000","12.74043","0.00945"
"62.79600","12.74091","0.00947"
"62.80200","12.74139","0.00949"
"62.80800","12.74193","0.00953"
"62.81400","12.74241","0.00959"
"62.82000","12.74288","0.00968"
"62.82600","12.74342","0.00974"
"62.83200","12.74390","0.00976"
"62.83800","12.74444","0.00967"
"62.84400","12.74492","0.00961"
"62.85000","12.74540","0.00963"
"62.85600","12.74593","0.00964"
"62.86200","12.74641","0.00971"
"62.86800","12.74689","0.00972"
"62.87400","12.74743","0.00961"
"62.88000","12.74791","0.00952"
"62.88600","12.74838","0.00942"
"62.89200","12.74892","0.00936"
"62.89800","12.74940","0.00941"
"62.90400","12.74994","0.00943"
"62.91000","12.75042","0.00947"
"62.91600","12.75096","0.00952"
"62.92200","12.75143","0.00957"
"62.92800","12.75197","0.00967"
"62.93400","12.75245","0.00975"
"62.94000","12.75293","0.00976"
"62.94600","12.75347","0.00973"
"62.95200","12.75394","0.00969"
"62.95800","12.75448","0.00966"
"62.96400","12.75496","0.00972"
"62.97000","12.75544","0.00975"
"62.97600","12.75598","0.00984"
"62.98200","12.75652","0.00995"
"62.98800","12.75699","0.00997"
"62.99400","12.75747","0.00995"
"63.00000","12.75801","0.00997"
"63.00600","12.75849","0.00992"
"63.01200","12.75903","0.00988"
"63.01800","12.75951","0.00986"
"63.02400","12.75998","0.00981"
"63.03000","12.76052","0.00985"
"63.03600","12.76100","0.00985"
"63.04200","12.76148","0.00988"
"63.04800","12.76202","0.00991"
"63.05400","12.76250","0.00987"
"63.06000","12.76303","0.00984"
"63.06600","12.76351","0.00988"
"63.07200","12.76399","0.00979"
"63.07800","12.76453","0.00972"
"63.08400","12.76501","0.00968"
"63.09000","12.76548","0.00959"
"63.09600","12.76596","0.00951"
"63.10200","12.76650","0.00949"
"63.10800","12.76698","0.00952"
"63.11400","12.76752","0.00958"
"63.12000","12.76799","0.00955"
"63.12600","12.76853","0.00957"
"63.13200","12.76901","0.00963"
"63.13800","12.76955","0.00965"
"63.14400","12.77003","0.00963"
"63.15000","12.77051","0.00970"
"63.15600","12.77104","0.00971"
"63.16200","12.77152","0.00969"
"63.16800","12.77206","0.00969"
"63.17400","12.77254","0.00971"
"63.18000","12.77302","0.00978"
"63.18600","12.77355","0.00977"
"63.19200","12.77403","0.00962"
"63.19800","12.77451","0.00953"
"63.20400","12.77505","0.00947"
"63.21000","12.77553","0.00949"
"63.21600","12.77601","0.00960"
"63.22200","12.77648","0.00968"
"63.22800","12.77702","0.00970"
"63.23400","12.77750","0.00979"
"63.24000","12.77798","0.00981"
"63.24600","12.77852","0.00982"
"63.25200","12.77900","0.00979"
"63.25800","12.77947","0.00975"
"63.26400","12.78001","0.00976"
"63.27000","12.78049","0.00971"
"63.27600","12.78103","0.00961"
"63.28200","12.78151","0.00953"
"63.28800","12.78199","0.00950"
"63.29400","12.78252","0.00953"
"63.30000","12.78300","0.00946"
"63.30600","12.78348","0.00932"
"63.31200","12.78402","0.00925"
"63.31800","12.78450","0.00928"
"63.32400","12.78498","0.00931"
"63.33000","12.78545","0.00940"
"63.33600","12.78599","0.00941"
"63.34200","12.78647","0.00933"
"63.34800","12.78695","0.00935"
"63.35400","12.78743","0.00939"
"63.36000","12.78796","0.00945"
"63.36600","12.78844","0.00951"
"63.37200","12.78892","0.00953"
"63.37800","12.78946","0.00958"
"63.38400","12.78994","0.00961"
"63.39000","12.79048","0.00954"
"63.39600","12.79095","0.00952"
"63.40200","12.79143","0.00954"
"63.40800","12.79197","0.00950"
"63.41400","12.79245","0.00943"
"63.42000","12.79293","0.00936"
"63.42600","12.79347","0.00940"
"63.43200","12.79394","0.00947"
"63.43800","12.79442","0.00943"
"63.44400","12.79496","0.00945"
"63.45000","12.79544","0.00953"
"63.45600","12.79598","0.00950"
"63.46200","12.79646","0.00954"
"63.46800","12.79699","0.00963"
"63.47400","12.79747","0.00964"
"63.48000","12.79801","0.00958"
"63.48600","12.79849","0.00949"
"63.49200","12.79897","0.00946"
"63.49800","12.79950","0.00947"
"63.50400","12.79998","0.00944"
"63.51000","12.80046","0.00939"
"63.51600","12.80100","0.00944"
"63.52200","12.80148","0.00940"
"63.52800","12.80202","0.00939"
"63.53400","12.80249","0.00947"
"63.54000","12.80303","0.00944"
"63.54600","12.80351","0.00937"
"63.55200","12.80399","0.00945"
"63.55800","12.80453","0.00955"
"63.56400","12.80501","0.00962"
"63.57000","12.80548","0.00967"
"63.57600","12.80602","0.00971"
"63.58200","12.80650","0.00978"
"63.58800","12.80698","0.00980"
"63.59400","12.80752","0.00977"
"63.60000","12.80799","0.00979"
"63.60600","12.80847","0.00982"
"63.61200","12.80901","0.00985"
"63.61800","12.80949","0.00980"
"63.62400","12.81003","0.00980"
"63.63000","12.81050","0.00986"
"63.63600","12.81098","0.00990"
"63.64200","12.81152","0.00982"
"63.64800","12.81200","0.00978"
"63.65400","12.81248","0.00972"
"63.66000","12.81296","0.00965"
"63.66600","12.81349","0.00969"
"63.67200","12.81397","0.00972"
"63.67800","12.81451","0.00971"
"63.68400","12.81499","0.00975"
"63.69000","12.81553","0.00975"
"63.69600","12.81601","0.00974"
"63.70200","12.81654","0.00967"
"63.70800","12.81702","0.00961"
"63.71400","12.81750","0.00956"
"63.72000","12.81804","0.00944"
"63.72600","12.81852","0.00936"
"63.73200","12.81899","0.00942"
"63.73800","12.81953","0.00943"
"63.74400","12.82001","0.00940"
"63.75000","12.82049","0.00931"
"63.75600","12.82103","0.00929"
"63.76200","12.82151","0.00929"
"63.76800","12.82204","0.00920"
"63.77400","12.82252","0.00918"
"63.78000","12.82306","0.00924"
"63.78600","12.82354","0.00926"
"63.79200","12.82402","0.00922"
"63.79800","12.82456","0.00923"
"63.80400","12.82503","0.00919"
"63.81000","12.82551","0.00923"
"63.81600","12.82599","0.00938"
"63.82200","12.82653","0.00949"
"63.82800","12.82701","0.00956"
"63.83400","12.82749","0.00958"
"63.84000","12.82796","0.00955"
"63.84600","12.82850","0.00951"
"63.85200","12.82898","0.00945"
"63.85800","12.82946","0.00941"
"63.86400","12.82994","0.00942"
"63.87000","12.83048","0.00933"
"63.87600","12.83095","0.00927"
"63.88200","12.83143","0.00930"
"63.88800","12.83197","0.00931"
"63.89400","12.83245","0.00933"
"63.90000","12.83293","0.00948"
"63.90600","12.83346","0.00960"
"63.91200","12.83394","0.00962"
"63.91800","12.83442","0.00963"
"63.92400","12.83496","0.00963"
"63.93000","12.83544","0.00969"
"63.93600","12.83592","0.00979"
"63.94200","12.83640","0.00982"
"63.94800","12.83687","0.00988"
"63.95400","12.83741","0.00992"
"63.96000","12.83789","0.00989"
"63.96600","12.83837","0.00989"
"63.97200","12.83891","0.00978"
"63.97800","12.83938","0.00974"
"63.98400","12.83992","0.00977"
"63.99000","12.84040","0.00972"
"63.99600","12.84088","0.00970"
"64.00200","12.84142","0.00968"
"64.00800","12.84190","0.00961"
"64.01400","12.84243","0.00957"
"64.02000","12.84291","0.00956"
"64.02600","12.84345","0.00957"
"64.03200","12.84393","0.00952"
"64.03800","12.84447","0.00940"
"64.04400","12.84501","0.00931"
"64.05000","12.84548","0.00931"
"64.05600","12.84602","0.00931"
"64.06200","12.84650","0.00942"
"64.06800","12.84704","0.00958"
"64.07400","12.84752","0.00969"
"64.08000","12.84805","0.00974"
"64.08600","12.84853","0.00966"
"64.09200","12.84901","0.00957"
"64.09800","12.84955","0.00952"
"64.10400","12.85003","0.00954"
"64.11000","12.85050","0.00956"
"64.11600","12.85104","0.00962"
"64.12200","12.85152","0.00962"
"64.12800","12.85206","0.00964"
"64.13400","12.85254","0.00965"
"64.14000","12.85301","0.00961"
"64.14600","12.85349","0.00958"
"64.15200","12.85397","0.00951"
"64.15800","12.85451","0.00953"
"64.16400","12.85499","0.00954"
"64.17000","12.85547","0.00948"
"64.17600","12.85600","0.00946"
"64.18200","12.85648","0.00954"
"64.18800","12.85702","0.00961"
"64.19400","12.85750","0.00968"
"64.20000","12.85804","0.00975"
"64.20600","12.85852","0.00971"
"64.21200","12.85905","0.00967"
"64.21800","12.85953","0.00968"
"64.22400","12.86001","0.00967"
"64.23000","12.86055","0.00977"
"64.23600","12.86103","0.00985"
"64.24200","12.86151","0.00987"
"64.24800","12.86204","0.00992"
"64.25400","12.86252","0.00994"
"64.26000","12.86300","0.00992"
"64.26600","12.86348","0.01001"
"64.27200","12.86402","0.01009"
"64.27800","12.86449","0.01013"
"64.28400","12.86497","0.01004"
"64.29000","12.86551","0.00985"
"64.29600","12.86599","0.00970"
"64.30200","12.86647","0.00960"
"64.30800","12.86695","0.00949"
"64.31400","12.86748","0.00948"
"64.32000","12.86796","0.00942"
"64.32600","12.86850","0.00936"
"64.33200","12.86898","0.00941"
"64.33800","12.86952","0.00949"
"64.34400","12.87006","0.00956"
"64.35000","12.87053","0.00964"
"64.35600","12.87107","0.00971"
"64.36200","12.87155","0.00980"
"64.36800","12.87203","0.00979"
"64.37400","12.87251","0.00968"
"64.38000","12.87305","0.00968"
"64.38600","12.87352","0.00967"
"64.39200","12.87400","0.00964"
"64.39800","12.87448","0.00964"
"64.40400","12.87496","0.00963"
"64.41000","12.87550","0.00961"
"64.41600","12.87597","0.00960"
"64.42200","12.87645","0.00957"
"64.42800","12.87693","0.00959"
"64.43400","12.87747","0.00964"
"64.44000","12.87795","0.00971"
"64.44600","12.87843","0.00986"
"64.45200","12.87896","0.00998"
"64.45800","12.87944","0.01010"
"64.46400","12.87992","0.01016"
"64.47000","12.88046","0.01006"
"64.47600","12.88094","0.00983"
"64.48200","12.88148","0.00970"
"64.48800","12.88195","0.00962"
"64.49400","12.88249","0.00955"
"64.50000","12.88297","0.00954"
"64.50600","12.88351","0.00952"
"64.51200","12.88399","0.00953"
"64.51800","12.88447","0.00953"
"64.52400","12.88494","0.00950"
"64.53000","12.88548","0.00959"
"64.53600","12.88596","0.00970"
"64.54200","12.88644","0.00980"
"64.54800","12.88692","0.00993"
"64.55400","12.88739","0.00999"
"64.56000","12.88793","0.01006"
"64.56600","12.88841","0.01013"
"64.57200","12.88895","0.01006"
"64.57800","12.88943","0.00994"
"64.58400","12.88991","0.00988"
"64.59000","12.89044","0.00987"
"64.59600","12.89092","0.00994"
"64.60200","12.89146","0.00999"
"64.60800","12.89194","0.00993"
"64.61400","12.89248","0.00988"
"64.62000","12.89295","0.00982"
"64.62600","12.89349","0.00976"
"64.63200","12.89403","0.00982"
"64.63800","12.89451","0.00982"
"64.64400","12.89505","0.00978"
"64.65000","12.89552","0.00973"
"64.65600","12.89606","0.00968"
"64.66200","12.89654","0.00969"
"64.66800","12.89708","0.00978"
"64.67400","12.89756","0.00983"
"64.68000","12.89804","0.00993"
"64.68600","12.89851","0.00990"
"64.69200","12.89899","0.00976"
"64.69800","12.89953","0.00973"
"64.70400","12.90001","0.00971"
"64.71000","12.90049","0.00972"
"64.71600","12.90097","0.00979"
"64.72200","12.90150","0.00980"
"64.72800","12.90198","0.00979"
"64.73400","12.90252","0.00988"
"64.74000","12.90300","0.00992"
"64.74600","12.90348","0.00990"
"64.75200","12.90402","0.00978"
"64.75800","12.90449","0.00967"
"64.76400","12.90503","0.00964"
"64.77000","12.90551","0.00963"
"64.77600","12.90605","0.00962"
"64.78200","12.90653","0.00981"
"64.78800","12.90707","0.00990"
"64.79400","12.90754","0.00988"
"64.80000","12.90802","0.00986"
"64.80600","12.90850","0.00986"
"64.81200","12.90898","0.00993"
"64.81800","12.90952","0.01001"
"64.82400","12.90999","0.01004"
"64.83000","12.91047","0.01006"
"64.83600","12.91095","0.01000"
"64.84200","12.91149","0.00987"
"64.84800","12.91197","0.00978"
"64.85400","12.91245","0.00981"
"64.86000","12.91298","0.00975"
"64.86600","12.91346","0.00971"
"64.87200","12.91394","0.00962"
"64.87800","12.91448","0.00960"
"64.88400","12.91496","0.00959"
"64.89000","12.91544","0.00956"
"64.89600","12.91597","0.00957"
"64.90200","12.91645","0.00962"
"64.90800","12.91699","0.00960"
"64.91400","12.91747","0.00964"
"64.92000","12.91801","0.00970"
"64.92600","12.91849","0.00971"
"64.93200","12.91896","0.00964"
"64.93800","12.91950","0.00951"
"64.94400","12.91998","0.00948"
"64.95000","12.92052","0.00951"
"64.95600","12.92100","0.00961"
"64.96200","12.92147","0.00973"
"64.96800","12.92195","0.00987"
"64.97400","12.92243","0.00997"
"64.98000","12.92297","0.00999"
"64.98600","12.92345","0.01002"
"64.99200","12.92393","0.01003"
"64.99800","12.92441","0.01009"
"65.00400","12.92494","0.01021"
"65.01000","12.92542","0.01022"
"65.01600","12.92590","0.01011"
"65.02200","12.92638","0.00992"
"65.02800","12.92692","0.00981"
"65.03400","12.92739","0.00980"
"65.04000","12.92787","0.00976"
"65.04600","12.92841","0.00965"
"65.05200","12.92889","0.00952"
"65.05800","12.92943","0.00939"
"65.06400","12.92997","0.00942"
"65.07000","12.93044","0.00952"
"65.07600","12.93098","0.00958"
"65.08200","12.93146","0.00971"
"65.08800","12.93194","0.00976"
"65.09400","12.93242","0.00974"
"65.10000","12.93296","0.00976"
"65.10600","12.93343","0.00977"
"65.11200","12.93391","0.00980"
"65.11800","12.93445","0.00978"
"65.12400","12.93493","0.00965"
"65.13000","12.93546","0.00958"
"65.13600","12.93594","0.00954"
"65.14200","12.93642","0.00949"
"65.14800","12.93696","0.00957"
"65.15400","12.93744","0.00962"
"65.16000","12.93798","0.00966"
"65.16600","12.93845","0.00969"
"65.17200","12.93899","0.00963"
"65.17800","12.93947","0.00954"
"65.18400","12.93995","0.00948"
"65.19000","12.94049","0.00932"
"65.19600","12.94097","0.00925"
"65.20200","12.94150","0.00931"
"65.20800","12.94198","0.00943"
"65.21400","12.94252","0.00963"
"65.22000","12.94300","0.00982"
"65.22600","12.94348","0.00988"
"65.23200","12.94401","0.00988"
"65.23800","12.94449","0.00978"
"65.24400","12.94497","0.00966"
"65.25000","12.94551","0.00965"
"65.25600","12.94599","0.00963"
"65.26200","12.94647","0.00957"
"65.26800","12.94700","0.00954"
"65.27400","12.94748","0.00951"
"65.28000","12.94802","0.00950"
"65.28600","12.94850","0.00954"
"65.29200","12.94898","0.00955"
"65.29800","12.94952","0.00959"
"65.30400","12.94999","0.00965"
"65.31000","12.95053","0.00966"
"65.31600","12.95101","0.00962"
"65.32200","12.95149","0.00958"
"65.32800","12.95203","0.00959"
"65.33400","12.95251","0.00958"
"65.34000","12.95304","0.00960"
"65.34600","12.95352","0.00969"
"65.35200","12.95400","0.00974"
"65.35800","12.95448","0.00971"
"65.36400","12.95502","0.00967"
"65.37000","12.95549","0.00956"
"65.37600","12.95597","0.00950"
"65.38200","12.95651","0.00950"
"65.38800","12.95699","0.00954"
"65.39400","12.95747","0.00964"
"65.40000","12.95801","0.00974"
"65.40600","12.95848","0.00980"
"65.41200","12.95902","0.00985"
"65.41800","12.95950","0.00990"
"65.42400","12.95998","0.00991"
"65.43000","12.96052","0.00997"
"65.43600","12.96100","0.01005"
"65.44200","12.96147","0.01001"
"65.44800","12.96201","0.00992"
"65.45400","12.96249","0.00980"
"65.46000","12.96297","0.00973"
"65.46600","12.96345","0.00977"
"65.47200","12.96399","0.00985"
"65.47800","12.96446","0.00989"
"65.48400","12.96494","0.00988"
"65.49000","12.96548","0.00969"
"65.49600","12.96596","0.00957"
"65.50200","12.96644","0.00956"
"65.50800","12.96698","0.00960"
"65.51400","12.96745","0.00969"
"65.52000","12.96793","0.00979"
"65.52600","12.96847","0.00989"
"65.53200","12.96895","0.00998"
"65.53800","12.96943","0.00995"
"65.54400","12.96996","0.00997"
"65.55000","12.97044","0.00997"
"65.55600","12.97098","0.00990"
"65.56200","12.97146","0.00982"
"65.56800","12.97194","0.00979"
"65.57400","12.97248","0.00980"
"65.58000","12.97295","0.00983"
"65.58600","12.97343","0.00986"
"65.59200","12.97397","0.00979"
"65.59800","12.97445","0.00976"
"65.60400","12.97493","0.00977"
"65.61000","12.97547","0.00968"
"65.61600","12.97594","0.00965"
"65.62200","12.97648","0.00965"
"65.62800","12.97696","0.00967"
"65.63400","12.97750","0.00963"
"65.64000","12.97798","0.00962"
"65.64600","12.97845","0.00969"
"65.65200","12.97899","0.00978"
"65.65800","12.97947","0.00980"
"65.66400","12.97995","0.00980"
"65.67000","12.98049","0.00974"
"65.67600","12.98096","0.00976"
"65.68200","12.98144","0.00978"
"65.68800","12.98198","0.00977"
"65.69400","12.98246","0.00979"
"65.70000","12.98300","0.00981"
"65.70600","12.98348","0.00983"
"65.71200","12.98402","0.00988"
"65.71800","12.98449","0.00991"
"65.72400","12.98503","0.00985"
"65.73000","12.98551","0.00977"
"65.73600","12.98599","0.00971"
"65.74200","12.98652","0.00960"
"65.74800","12.98700","0.00960"
"65.75400","12.98748","0.00960"
"65.76000","12.98802","0.00959"
"65.76600","12.98850","0.00958"
"65.77200","12.98904","0.00951"
"65.77800","12.98951","0.00947"
"65.78400","12.98999","0.00949"
"65.79000","12.99053","0.00949"
"65.79600","12.99101","0.00960"
"65.80200","12.99149","0.00968"
"65.80800","12.99203","0.00970"
"65.81400","12.99250","0.00976"
"65.82000","12.99298","0.00987"
"65.82600","12.99352","0.00998"
"65.83200","12.99400","0.01010"
"65.83800","12.99448","0.01010"
"65.84400","12.99502","0.01010"
"65.85000","12.99549","0.01004"
"65.85600","12.99603","0.01000"
"65.86200","12.99651","0.00994"
"65.86800","12.99705","0.00992"
"65.87400","12.99753","0.00981"
"65.88000","12.99800","0.00973"
"65.88600","12.99854","0.00974"
"65.89200","12.99902","0.00971"
"65.89800","12.99950","0.00977"
"65.90400","12.99998","0.00985"
"65.91000","13.00052","0.00986"
"65.91600","13.00099","0.00993"
"65.92200","13.00153","0.00999"
"65.92800","13.00201","0.01002"
"65.93400","13.00249","0.01005"
"65.94000","13.00303","0.00997"
"65.94600","13.00351","0.00990"
"65.95200","13.00398","0.00989"
"65.95800","13.00452","0.00978"
"65.96400","13.00500","0.00982"
"65.97000","13.00548","0.00989"
"65.97600","13.00596","0.00984"
"65.98200","13.00650","0.00973"
"65.98800","13.00697","0.00958"
"65.99400","13.00745","0.00945"
"66.00000","13.00799","0.00941"
"66.00600","13.00847","0.00942"
"66.01200","13.00895","0.00939"
"66.01800","13.00949","0.00931"
"66.02400","13.00996","0.00925"
"66.03000","13.01044","0.00928"
"66.03600","13.01098","0.00932"
"66.04200","13.01146","0.00931"
"66.04800","13.01194","0.00929"
"66.05400","13.01248","0.00928"
"66.06000","13.01295","0.00933"
"66.06600","13.01349","0.00936"
"66.07200","13.01397","0.00937"
"66.07800","13.01445","0.00953"
"66.08400","13.01499","0.00965"
"66.09000","13.01546","0.00966"
"66.09600","13.01600","0.00966"
"66.10200","13.01648","0.00964"
"66.10800","13.01696","0.00963"
"66.11400","13.01744","0.00970"
"66.12000","13.01798","0.00971"
"66.12600","13.01845","0.00967"
"66.13200","13.01893","0.00962"
"66.13800","13.01947","0.00958"
"66.14400","13.01995","0.00952"
"66.15000","13.02043","0.00951"
"66.15600","13.02097","0.00944"
"66.16200","13.02144","0.00939"
"66.16800","13.02192","0.00944"
"66.17400","13.02246","0.00948"
"66.18000","13.02294","0.00956"
"66.18600","13.02348","0.00959"
"66.19200","13.02395","0.00952"
"66.19800","13.02449","0.00947"
"66.20400","13.02497","0.00943"
"66.21000","13.02551","0.00952"
"66.21600","13.02599","0.00966"
"66.22200","13.02653","0.00971"
"66.22800","13.02700","0.00979"
"66.23400","13.02754","0.00995"
"66.24000","13.02802","0.01004"
"66.24600","13.02850","0.01013"
"66.25200","13.02904","0.01027"
"66.25800","13.02952","0.01034"
"66.26400","13.02999","0.01036"
"66.27000","13.03047","0.01033"
"66.27600","13.03101","0.01023"
"66.28200","13.03149","0.01029"
"66.28800","13.03197","0.01033"
"66.29400","13.03250","0.01025"
"66.30000","13.03298","0.01013"
"66.30600","13.03346","0.00996"
"66.31200","13.03400","0.00985"
"66.31800","13.03448","0.00979"
"66.32400","13.03496","0.00976"
"66.33000","13.03549","0.00983"
"66.33600","13.03597","0.00986"
"66.34200","13.03651","0.00977"
"66.34800","13.03699","0.00974"
"66.35400","13.03753","0.00975"
"66.36000","13.03800","0.00975"
"66.36600","13.03854","0.00973"
"66.37200","13.03902","0.00969"
"66.37800","13.03950","0.00964"
"66.38400","13.04004","0.00966"
"66.39000","13.04052","0.00960"
"66.39600","13.04105","0.00958"
"66.40200","13.04153","0.00959"
"66.40800","13.04201","0.00953"
"66.41400","13.04255","0.00953"
"66.42000","13.04303","0.00954"
"66.42600","13.04351","0.00948"
"66.43200","13.04398","0.00947"
"66.43800","13.04452","0.00948"
"66.44400","13.04500","0.00945"
"66.45000","13.04548","0.00947"
"66.45600","13.04596","0.00942"
"66.46200","13.04650","0.00941"
"66.46800","13.04697","0.00945"
"66.47400","13.04751","0.00945"
"66.48000","13.04799","0.00953"
"66.48600","13.04853","0.00963"
"66.49200","13.04901","0.00965"
"66.49800","13.04954","0.00970"
"66.50400","13.05002","0.00979"
"66.51000","13.05056","0.00993"
"66.51600","13.05104","0.01004"
"66.52200","13.05152","0.01004"
"66.52800","13.05206","0.01004"
"66.53400","13.05253","0.01004"
"66.54000","13.05301","0.00996"
"66.54600","13.05349","0.00996"
"66.55200","13.05403","0.00996"
"66.55800","13.05451","0.00981"
"66.56400","13.05499","0.00970"
"66.57000","13.05552","0.00962"
"66.57600","13.05600","0.00964"
"66.58200","13.05654","0.00965"
"66.58800","13.05702","0.00969"
"66.59400","13.05750","0.00959"
"66.60000","13.05797","0.00946"
"66.60600","13.05845","0.00939"
"66.61200","13.05899","0.00945"
"66.61800","13.05947","0.00966"
"66.62400","13.05995","0.00976"
"66.63000","13.06049","0.00982"
"66.63600","13.06096","0.00990"
"66.64200","13.06144","0.00990"
"66.64800","13.06198","0.00995"
"66.65400","13.06246","0.00991"
"66.66000","13.06300","0.00990"
"66.66600","13.06348","0.00986"
"66.67200","13.06401","0.00974"
"66.67800","13.06449","0.00966"
"66.68400","13.06497","0.00967"
"66.69000","13.06551","0.00968"
"66.69600","13.06599","0.00967"
"66.70200","13.06647","0.00970"
"66.70800","13.06700","0.00966"
"66.71400","13.06748","0.00969"
"66.72000","13.06796","0.00975"
"66.72600","13.06844","0.00980"
"66.73200","13.06897","0.00978"
"66.73800","13.06945","0.00964"
"66.74400","13.06999","0.00955"
"66.75000","13.07047","0.00958"
"66.75600","13.07095","0.00967"
"66.76200","13.07149","0.00977"
"66.76800","13.07196","0.00986"
"66.77400","13.07250","0.00982"
"66.78000","13.07298","0.00975"
"66.78600","13.07352","0.00974"
"66.79200","13.07400","0.00969"
"66.79800","13.07448","0.00963"
"66.80400","13.07501","0.00958"
"66.81000","13.07549","0.00946"
"66.81600","13.07603","0.00941"
"66.82200","13.07651","0.00941"
"66.82800","13.07705","0.00947"
"66.83400","13.07753","0.00959"
"66.84000","13.07800","0.00963"
"66.84600","13.07854","0.00958"
"66.85200","13.07902","0.00954"
"66.85800","13.07950","0.00956"
"66.86400","13.08004","0.00964"
"66.87000","13.08051","0.00974"
"66.87600","13.08099","0.00979"
"66.88200","13.08147","0.00982"
"66.88800","13.08201","0.00989"
"66.89400","13.08249","0.00997"
"66.90000","13.08297","0.01007"
"66.90600","13.08350","0.01005"
"66.91200","13.08398","0.00998"
"66.91800","13.08452","0.00999"
"66.92400","13.08500","0.00997"
"66.93000","13.08554","0.01003"
"66.93600","13.08602","0.01003"
"66.94200","13.08649","0.00996"
"66.94800","13.08703","0.00990"
"66.95400","13.08751","0.00984"
"66.96000","13.08799","0.00970"
"66.96600","13.08853","0.00953"
"66.97200","13.08900","0.00952"
"66.97800","13.08954","0.00958"
"66.98400","13.09002","0.00965"
"66.99000","13.09050","0.00956"
"66.99600","13.09104","0.00949"
"67.00200","13.09152","0.00965"
"67.00800","13.09199","0.00979"
"67.01400","13.09247","0.00992"
"67.02000","13.09301","0.01000"
"67.02600","13.09349","0.01001"
"67.03200","13.09397","0.00994"
"67.03800","13.09445","0.00990"
"67.04400","13.09498","0.01001"
"67.05000","13.09546","0.01011"
"67.05600","13.09594","0.01012"
"67.06200","13.09648","0.01011"
"67.06800","13.09696","0.01009"
"67.07400","13.09744","0.01004"
"67.08000","13.09797","0.01007"
"67.08600","13.09845","0.01017"
"67.09200","13.09893","0.01022"
"67.09800","13.09947","0.01016"
"67.10400","13.09995","0.01002"
"67.11000","13.10043","0.00994"
"67.11600","13.10096","0.01007"
"67.12200","13.10144","0.01009"
"67.12800","13.10198","0.01006"
"67.13400","13.10246","0.00998"
"67.14000","13.10294","0.00984"
"67.14600","13.10347","0.00979"
"67.15200","13.10395","0.00979"
"67.15800","13.10443","0.00969"
"67.16400","13.10497","0.00960"
"67.17000","13.10545","0.00946"
"67.17600","13.10593","0.00934"
"67.18200","13.10641","0.00932"
"67.18800","13.10688","0.00937"
"67.19400","13.10742","0.00947"
"67.20000","13.10790","0.00958"
"67.20600","13.10844","0.00966"
"67.21200","13.10891","0.00965"
"67.21800","13.10945","0.00962"
"67.22400","13.10993","0.00951"
"67.23000","13.11047","0.00943"
"67.23600","13.11095","0.00937"
"67.24200","13.11149","0.00929"
"67.24800","13.11197","0.00929"
"67.25400","13.11244","0.00933"
"67.26000","13.11298","0.00941"
"67.26600","13.11346","0.00948"
"67.27200","13.11394","0.00946"
"67.27800","13.11447","0.00945"
"67.28400","13.11495","0.00952"
"67.29000","13.11549","0.00950"
"67.29600","13.11597","0.00954"
"67.30200","13.11645","0.00965"
"67.30800","13.11699","0.00969"
"67.31400","13.11746","0.00969"
"67.32000","13.11800","0.00975"
"67.32600","13.11848","0.00975"
"67.33200","13.11896","0.00974"
"67.33800","13.11950","0.00975"
"67.34400","13.12004","0.00973"
"67.35000","13.12051","0.00972"
"67.35600","13.12105","0.00964"
"67.36200","13.12153","0.00951"
"67.36800","13.12201","0.00948"
"67.37400","13.12255","0.00950"
"67.38000","13.12302","0.00955"
"67.38600","13.12350","0.00964"
"67.39200","13.12398","0.00968"
"67.39800","13.12452","0.00973"
"67.40400","13.12500","0.00976"
"67.41000","13.12548","0.00973"
"67.41600","13.12601","0.00977"
"67.42200","13.12649","0.00967"
"67.42800","13.12703","0.00957"
"67.43400","13.12751","0.00956"
"67.44000","13.12799","0.00953"
"67.44600","13.12853","0.00953"
"67.45200","13.12900","0.00944"
"67.45800","13.12948","0.00933"
"67.46400","13.13002","0.00926"
"67.47000","13.13050","0.00936"
"67.47600","13.13098","0.00950"
"67.48200","13.13152","0.00967"
"67.48800","13.13199","0.00969"
"67.49400","13.13253","0.00966"
"67.50000","13.13301","0.00969"
"67.50600","13.13349","0.00973"
"67.51200","13.13403","0.00979"
"67.51800","13.13451","0.00991"
"67.52400","13.13498","0.00991"
"67.53000","13.13552","0.00987"
"67.53600","13.13600","0.00983"
"67.54200","13.13648","0.00978"
"67.54800","13.13702","0.00979"
"67.55400","13.13750","0.00981"
"67.56000","13.13797","0.00979"
"67.56600","13.13845","0.00972"
"67.57200","13.13899","0.00962"
"67.57800","13.13947","0.00954"
"67.58400","13.13995","0.00953"
"67.59000","13.14048","0.00954"
"67.59600","13.14096","0.00955"
"67.60200","13.14144","0.00956"
"67.60800","13.14198","0.00958"
"67.61400","13.14246","0.00964"
"67.62000","13.14300","0.00971"
"67.62600","13.14347","0.00983"
"67.63200","13.14401","0.00993"
"67.63800","13.14449","0.00984"
"67.64400","13.14503","0.00973"
"67.65000","13.14551","0.00974"
"67.65600","13.14598","0.00974"
"67.66200","13.14652","0.00969"
"67.66800","13.14700","0.00967"
"67.67400","13.14748","0.00964"
"67.68000","13.14796","0.00964"
"67.68600","13.14850","0.00967"
"67.69200","13.14897","0.00963"
"67.69800","13.14945","0.00962"
"67.70400","13.14993","0.00960"
"67.71000","13.15047","0.00953"
"67.71600","13.15095","0.00943"
"67.72200","13.15143","0.00938"
"67.72800","13.15190","0.00949"
"67.73400","13.15244","0.00964"
"67.74000","13.15292","0.00971"
"67.74600","13.15340","0.00979"
"67.75200","13.15394","0.00988"
"67.75800","13.15441","0.00987"
"67.76400","13.15495","0.00978"
"67.77000","13.15543","0.00970"
"67.77600","13.15597","0.00962"
"67.78200","13.15651","0.00956"
"67.78800","13.15699","0.00953"
"67.79400","13.15752","0.00953"
"67.80000","13.15800","0.00956"
"67.80600","13.15854","0.00954"
"67.81200","13.15902","0.00955"
"67.81800","13.15950","0.00964"
"67.82400","13.16004","0.00981"
"67.83000","13.16051","0.00994"
"67.83600","13.16099","0.00997"
"67.84200","13.16147","0.00986"
"67.84800","13.16195","0.00980"
"67.85400","13.16249","0.00979"
"67.86000","13.16296","0.00981"
"67.86600","13.16350","0.00991"
"67.87200","13.16398","0.00998"
"67.87800","13.16446","0.01003"
"67.88400","13.16500","0.01009"
"67.89000","13.16548","0.01004"
"67.89600","13.16601","0.00993"
"67.90200","13.16649","0.00981"
"67.90800","13.16697","0.00968"
"67.91400","13.16751","0.00962"
"67.92000","13.16799","0.00957"
"67.92600","13.16852","0.00952"
"67.93200","13.16900","0.00958"
"67.93800","13.16954","0.00967"
"67.94400","13.17002","0.00970"
"67.95000","13.17056","0.00970"
"67.95600","13.17104","0.00969"
"67.96200","13.17151","0.00972"
"67.96800","13.17199","0.00986"
"67.97400","13.17253","0.00991"
"67.98000","13.17301","0.00995"
"67.98600","13.17349","0.00993"
"67.99200","13.17397","0.00981"
"67.99800","13.17450","0.00965"
"68.00400","13.17498","0.00962"
"68.01000","13.17546","0.00968"
"68.01600","13.17600","0.00979"
"68.02200","13.17648","0.00989"
"68.02800","13.17702","0.00994"
"68.03400","13.17749","0.00995"
"68.04000","13.17797","0.00992"
"68.04600","13.17851","0.00991"
"68.05200","13.17899","0.00995"
"68.05800","13.17947","0.00992"
"68.06400","13.18000","0.00990"
"68.07000","13.18048","0.00988"
"68.07600","13.18102","0.00981"
"68.08200","13.18150","0.00984"
"68.08800","13.18204","0.00988"
"68.09400","13.18252","0.00985"
"68.10000","13.18305","0.00992"
"68.10600","13.18353","0.00998"
"68.11200","13.18401","0.01002"
"68.11800","13.18449","0.01012"
"68.12400","13.18497","0.01009"
"68.13000","13.18551","0.01006"
"68.13600","13.18598","0.00999"
"68.14200","13.18646","0.00987"
"68.14800","13.18694","0.00976"
"68.15400","13.18748","0.00968"
"68.16000","13.18796","0.00963"
"68.16600","13.18850","0.00966"
"68.17200","13.18897","0.00971"
"68.17800","13.18945","0.00970"
"68.18400","13.18999","0.00981"
"68.19000","13.19047","0.00994"
"68.19600","13.19095","0.01000"
"68.20200","13.19148","0.00996"
"68.20800","13.19196","0.00984"
"68.21400","13.19250","0.00975"
"68.22000","13.19298","0.00972"
"68.22600","13.19352","0.00969"
"68.23200","13.19400","0.00968"
"68.23800","13.19447","0.00963"
"68.24400","13.19501","0.00952"
"68.25000","13.19549","0.00940"
"68.25600","13.19597","0.00929"
"68.26200","13.19645","0.00929"
"68.26800","13.19699","0.00941"
"68.27400","13.19746","0.00951"
"68.28000","13.19794","0.00957"
"68.28600","13.19848","0.00964"
"68.29200","13.19896","0.00976"
"68.29800","13.19944","0.00987"
"68.30400","13.19998","0.00993"
"68.31000","13.20045","0.00992"
"68.31600","13.20093","0.00991"
"68.32200","13.20147","0.00988"
"68.32800","13.20195","0.00986"
"68.33400","13.20249","0.00988"
"68.34000","13.20296","0.00980"
"68.34600","13.20350","0.00966"
"68.35200","13.20398","0.00954"
"68.35800","13.20452","0.00937"
"68.36400","13.20500","0.00933"
"68.37000","13.20553","0.00946"
"68.37600","13.20607","0.00959"
"68.38200","13.20655","0.00965"
"68.38800","13.20703","0.00962"
"68.39400","13.20757","0.00963"
"68.40000","13.20805","0.00972"
"68.40600","13.20852","0.00983"
"68.41200","13.20906","0.00985"
"68.41800","13.20954","0.00982"
"68.42400","13.21002","0.00977"
"68.43000","13.21056","0.00980"
"68.43600","13.21103","0.00981"
"68.44200","13.21151","0.00976"
"68.44800","13.21199","0.00977"
"68.45400","13.21247","0.00976"
"68.46000","13.21301","0.00968"
"68.46600","13.21349","0.00963"
"68.47200","13.21397","0.00958"
"68.47800","13.21450","0.00949"
"68.48400","13.21498","0.00943"
"68.49000","13.21546","0.00939"
"68.49600","13.21600","0.00940"
"68.50200","13.21654","0.00950"
"68.50800","13.21701","0.00960"
"68.51400","13.21755","0.00970"
"68.52000","13.21803","0.00979"
"68.52600","13.21851","0.00981"
"68.53200","13.21905","0.00983"
"68.53800","13.21953","0.00984"
"68.54400","13.22000","0.00981"
"68.55000","13.22048","0.00981"
"68.55600","13.22102","0.00981"
"68.56200","13.22150","0.00979"
"68.56800","13.22198","0.00981"
"68.57400","13.22252","0.00983"
"68.58000","13.22299","0.00995"
"68.58600","13.22347","0.01003"
"68.59200","13.22401","0.00997"
"68.59800","13.22449","0.01001"
"68.60400","13.22497","0.01005"
"68.61000","13.22550","0.01000"
"68.61600","13.22598","0.00996"
"68.62200","13.22646","0.00996"
"68.62800","13.22700","0.00998"
"68.63400","13.22748","0.01003"
"68.64000","13.22802","0.00997"
"68.64600","13.22849","0.00992"
"68.65200","13.22903","0.00999"
"68.65800","13.22951","0.01001"
"68.66400","13.23005","0.00999"
"68.67000","13.23053","0.00998"
"68.67600","13.23106","0.00996"
"68.68200","13.23154","0.00991"
"68.68800","13.23202","0.00983"
"68.69400","13.23250","0.00973"
"68.70000","13.23298","0.00975"
"68.70600","13.23352","0.00972"
"68.71200","13.23400","0.00957"
"68.71800","13.23447","0.00956"
"68.72400","13.23501","0.00957"
"68.73000","13.23549","0.00960"
"68.73600","13.23597","0.00971"
"68.74200","13.23645","0.00981"
"68.74800","13.23698","0.00989"
"68.75400","13.23746","0.00990"
"68.76000","13.23794","0.00987"
"68.76600","13.23848","0.00990"
"68.77200","13.23896","0.00988"
"68.77800","13.23944","0.00988"
"68.78400","13.23997","0.00987"
"68.79000","13.24051","0.00983"
"68.79600","13.24099","0.00983"
"68.80200","13.24147","0.00985"
"68.80800","13.24201","0.00989"
"68.81400","13.24249","0.00981"
"68.82000","13.24302","0.00971"
"68.82600","13.24350","0.00966"
"68.83200","13.24398","0.00968"
"68.83800","13.24452","0.00973"
"68.84400","13.24500","0.00979"
"68.85000","13.24547","0.00985"
"68.85600","13.24595","0.00979"
"68.86200","13.24649","0.00967"
"68.86800","13.24697","0.00968"
"68.87400","13.24745","0.00977"
"68.88000","13.24799","0.00988"
"68.88600","13.24846","0.01002"
"68.89200","13.24900","0.01010"
"68.89800","13.24948","0.01013"
"68.90400","13.25002","0.01007"
"68.91000","13.25050","0.01002"
"68.91600","13.25103","0.01008"
"68.92200","13.25151","0.01006"
"68.92800","13.25205","0.00995"
"68.93400","13.25253","0.00988"
"68.94000","13.25307","0.00980"
"68.94600","13.25355","0.00970"
"68.95200","13.25408","0.00963"
"68.95800","13.25456","0.00957"
"68.96400","13.25510","0.00962"
"68.97000","13.25558","0.00972"
"68.97600","13.25606","0.00976"
"68.98200","13.25653","0.00988"
"68.98800","13.25701","0.00996"
"68.99400","13.25755","0.00990"
"69.00000","13.25803","0.00983"
"69.00600","13.25851","0.00973"
"69.01200","13.25899","0.00963"
"69.01800","13.25947","0.00967"
"69.02400","13.25994","0.00971"
"69.03000","13.26048","0.00975"
"69.03600","13.26096","0.00982"
"69.04200","13.26144","0.00984"
"69.04800","13.26198","0.00988"
"69.05400","13.26245","0.00990"
"69.06000","13.26299","0.00974"
"69.06600","13.26347","0.00968"
"69.07200","13.26401","0.00966"
"69.07800","13.26449","0.00966"
"69.08400","13.26503","0.00967"
"69.09000","13.26550","0.00967"
"69.09600","13.26598","0.00969"
"69.10200","13.26652","0.00968"
"69.10800","13.26700","0.00965"
"69.11400","13.26748","0.00968"
"69.12000","13.26796","0.00974"
"69.12600","13.26849","0.00972"
"69.13200","13.26897","0.00975"
"69.13800","13.26945","0.00984"
"69.14400","13.26993","0.00991"
"69.15000","13.27047","0.00993"
"69.15600","13.27095","0.00991"
"69.16200","13.27142","0.00991"
"69.16800","13.27196","0.00992"
"69.17400","13.27244","0.00985"
"69.18000","13.27292","0.00984"
"69.18600","13.27346","0.00991"
"69.19200","13.27393","0.00995"
"69.19800","13.27441","0.01000"
"69.20400","13.27495","0.00999"
"69.21000","13.27543","0.00991"
"69.21600","13.27597","0.00986"
"69.22200","13.27645","0.00979"
"69.22800","13.27698","0.00975"
"69.23400","13.27746","0.00972"
"69.24000","13.27794","0.00972"
"69.24600","13.27848","0.00971"
"69.25200","13.27896","0.00972"
"69.25800","13.27944","0.00973"
"69.26400","13.27997","0.00986"
"69.27000","13.28045","0.00999"
"69.27600","13.28093","0.00993"
"69.28200","13.28147","0.00989"
"69.28800","13.28195","0.00986"
"69.29400","13.28248","0.00977"
"69.30000","13.28296","0.00975"
"69.30600","13.28344","0.00979"
"69.31200","13.28392","0.00979"
"69.31800","13.28440","0.00977"
"69.32400","13.28493","0.00976"
"69.33000","13.28541","0.00981"
"69.33600","13.28595","0.00985"
"69.34200","13.28643","0.00987"
"69.34800","13.28697","0.00983"
"69.35400","13.28745","0.00976"
"69.36000","13.28792","0.00969"
"69.36600","13.28846","0.00967"
"69.37200","13.28894","0.00969"
"69.37800","13.28948","0.00969"
"69.38400","13.28996","0.00972"
"69.39000","13.29044","0.00970"
"69.39600","13.29097","0.00967"
"69.40200","13.29145","0.00972"
"69.40800","13.29193","0.00981"
"69.41400","13.29247","0.00989"
"69.42000","13.29295","0.00991"
"69.42600","13.29343","0.00984"
"69.43200","13.29396","0.00983"
"69.43800","13.29444","0.00985"
"69.44400","13.29492","0.00978"
"69.45000","13.29546","0.00974"
"69.45600","13.29594","0.00972"
"69.46200","13.29647","0.00970"
"69.46800","13.29695","0.00967"
"69.47400","13.29749","0.00961"
"69.48000","13.29797","0.00957"
"69.48600","13.29851","0.00959"
"69.49200","13.29899","0.00968"
"69.49800","13.29946","0.00986"
"69.50400","13.30000","0.00996"
"69.51000","13.30048","0.01001"
"69.51600","13.30102","0.01017"
"69.52200","13.30150","0.01022"
"69.52800","13.30203","0.01014"
"69.53400","13.30251","0.01007"
"69.54000","13.30305","0.00996"
"69.54600","13.30353","0.00987"
"69.55200","13.30401","0.00980"
"69.55800","13.30449","0.00974"
"69.56400","13.30502","0.00967"
"69.57000","13.30550","0.00959"
"69.57600","13.30598","0.00951"
"69.58200","13.30646","0.00958"
"69.58800","13.30700","0.00968"
"69.59400","13.30748","0.00974"
"69.60000","13.30801","0.00983"
"69.60600","13.30849","0.00986"
"69.61200","13.30897","0.00981"
"69.61800","13.30951","0.00976"
"69.62400","13.30999","0.00965"
"69.63000","13.31053","0.00951"
"69.63600","13.31100","0.00939"
"69.64200","13.31148","0.00927"
"69.64800","13.31202","0.00934"
"69.65400","13.31250","0.00945"
"69.66000","13.31304","0.00948"
"69.66600","13.31351","0.00953"
"69.67200","13.31399","0.00953"
"69.67800","13.31447","0.00948"
"69.68400","13.31501","0.00947"
"69.69000","13.31549","0.00952"
"69.69600","13.31597","0.00962"
"69.70200","13.31645","0.00973"
"69.70800","13.31692","0.00969"
"69.71400","13.31746","0.00965"
"69.72000","13.31794","0.00961"
"69.72600","13.31842","0.00956"
"69.73200","13.31896","0.00965"
"69.73800","13.31943","0.00979"
"69.74400","13.31991","0.00988"
"69.75000","13.32045","0.00996"
"69.75600","13.32093","0.01001"
"69.76200","13.32147","0.01012"
"69.76800","13.32195","0.01020"
"69.77400","13.32248","0.01012"
"69.78000","13.32296","0.01005"
"69.78600","13.32350","0.00998"
"69.79200","13.32398","0.00988"
"69.79800","13.32452","0.00983"
"69.80400","13.32500","0.00976"
"69.81000","13.32547","0.00973"
"69.81600","13.32601","0.00976"
"69.82200","13.32649","0.00979"
"69.82800","13.32697","0.00982"
"69.83400","13.32751","0.00986"
"69.84000","13.32798","0.00990"
"69.84600","13.32846","0.00994"
"69.85200","13.32894","0.00993"
"69.85800","13.32948","0.00985"
"69.86400","13.32996","0.00972"
"69.87000","13.33043","0.00963"
"69.87600","13.33091","0.00959"
"69.88200","13.33145","0.00962"
"69.88800","13.33193","0.00961"
"69.89400","13.33247","0.00954"
"69.90000","13.33295","0.00952"
"69.90600","13.33342","0.00954"
"69.91200","13.33396","0.00947"
"69.91800","13.33450","0.00943"
"69.92400","13.33498","0.00945"
"69.93000","13.33552","0.00946"
"69.93600","13.33600","0.00953"
"69.94200","13.33653","0.00954"
"69.94800","13.33701","0.00958"
"69.95400","13.33755","0.00965"
"69.96000","13.33803","0.00967"
"69.96600","13.33851","0.00969"
"69.97200","13.33904","0.00970"
"69.97800","13.33952","0.00975"
"69.98400","13.34000","0.00982"
"69.99000","13.34048","0.00989"
"69.99600","13.34102","0.00986"
"70.00200","13.34150","0.00982"
"70.00800","13.34197","0.00975"
"70.01400","13.34251","0.00969"
"70.02000","13.34299","0.00964"
"70.02600","13.34347","0.00955"
"70.03200","13.34401","0.00950"
"70.03800","13.34449","0.00949"
"70.04400","13.34502","0.00946"
"70.05000","13.34550","0.00950"
"70.05600","13.34598","0.00960"
"70.06200","13.34652","0.00970"
"70.06800","13.34700","0.00979"
"70.07400","13.34753","0.00985"
"70.08000","13.34801","0.00993"
"70.08600","13.34855","0.00998"
"70.09200","13.34903","0.00994"
"70.09800","13.34957","0.00995"
"70.10400","13.35005","0.00987"
"70.11000","13.35058","0.00971"
"70.11600","13.35106","0.00966"
"70.12200","13.35154","0.00974"
"70.12800","13.35202","0.00982"
"70.13400","13.35250","0.00989"
"70.14000","13.35298","0.00986"
"70.14600","13.35351","0.00980"
"70.15200","13.35399","0.00966"
"70.15800","13.35453","0.00952"
"70.16400","13.35501","0.00951"
"70.17000","13.35549","0.00958"
"70.17600","13.35602","0.00960"
"70.18200","13.35650","0.00963"
"70.18800","13.35704","0.00964"
"70.19400","13.35752","0.00964"
"70.20000","13.35800","0.00971"
"70.20600","13.35848","0.00979"
"70.21200","13.35901","0.00990"
"70.21800","13.35949","0.00999"
"70.22400","13.36003","0.00997"
"70.23000","13.36051","0.00999"
"70.23600","13.36099","0.00999"
"70.24200","13.36153","0.00988"
"70.24800","13.36200","0.00974"
"70.25400","13.36248","0.00967"
"70.26000","13.36296","0.00960"
"70.26600","13.36350","0.00955"
"70.27200","13.36398","0.00960"
"70.27800","13.36446","0.00969"
"70.28400","13.36493","0.00975"
"70.29000","13.36541","0.00969"
"70.29600","13.36595","0.00968"
"70.30200","13.36643","0.00978"
"70.30800","13.36697","0.00991"
"70.31400","13.36744","0.01001"
"70.32000","13.36792","0.01007"
"70.32600","13.36846","0.00998"
"70.33200","13.36894","0.00987"
"70.33800","13.36942","0.00984"
"70.34400","13.36996","0.00989"
"70.35000","13.37043","0.00999"
"70.35600","13.37091","0.01000"
"70.36200","13.37145","0.00997"
"70.36800","13.37193","0.00993"
"70.37400","13.37241","0.00987"
"70.38000","13.37295","0.00984"
"70.38600","13.37342","0.00990"
"70.39200","13.37390","0.00987"
"70.39800","13.37438","0.00986"
"70.40400","13.37492","0.00981"
"70.41000","13.37540","0.00973"
"70.41600","13.37594","0.00977"
"70.42200","13.37641","0.00986"
"70.42800","13.37695","0.00986"
"70.43400","13.37743","0.00990"
"70.44000","13.37797","0.00988"
"70.44600","13.37845","0.00978"
"70.45200","13.37898","0.00966"
"70.45800","13.37946","0.00956"
"70.46400","13.37994","0.00950"
"70.47000","13.38048","0.00951"
"70.47600","13.38096","0.00955"
"70.48200","13.38150","0.00970"
"70.48800","13.38197","0.00986"
"70.49400","13.38245","0.00987"
"70.50000","13.38299","0.00981"
"70.50600","13.38347","0.00974"
"70.51200","13.38401","0.00968"
"70.51800","13.38448","0.00973"
"70.52400","13.38496","0.00976"
"70.53000","13.38550","0.00984"
"70.53600","13.38598","0.00991"
"70.54200","13.38646","0.00987"
"70.54800","13.38700","0.00982"
"70.55400","13.38747","0.00982"
"70.56000","13.38801","0.00980"
"70.56600","13.38849","0.00983"
"70.57200","13.38903","0.00988"
"70.57800","13.38951","0.00985"
"70.58400","13.38999","0.00987"
"70.59000","13.39052","0.00980"
"70.59600","13.39100","0.00977"
"70.60200","13.39148","0.00984"
"70.60800","13.39202","0.00989"
"70.61400","13.39250","0.00997"
"70.62000","13.39298","0.01005"
"70.62600","13.39351","0.01013"
"70.63200","13.39399","0.01021"
"70.63800","13.39447","0.01023"
"70.64400","13.39495","0.01015"
"70.65000","13.39543","0.01004"
"70.65600","13.39597","0.00996"
"70.66200","13.39644","0.00993"
"70.66800","13.39698","0.00994"
"70.67400","13.39746","0.00989"
"70.68000","13.39800","0.00984"
"70.68600","13.39848","0.00987"
"70.69200","13.39901","0.00985"
"70.69800","13.39949","0.00996"
"70.70400","13.39997","0.01004"
"70.71000","13.40051","0.00999"
"70.71600","13.40099","0.00991"
"70.72200","13.40153","0.00989"
"70.72800","13.40200","0.00996"
"70.73400","13.40254","0.01007"
"70.74000","13.40302","0.01005"
"70.74600","13.40350","0.01005"
"70.75200","13.40404","0.00994"
"70.75800","13.40451","0.00983"
"70.76400","13.40499","0.00982"
"70.77000","13.40547","0.00992"
"70.77600","13.40601","0.00998"
"70.78200","13.40649","0.00995"
"70.78800","13.40697","0.00989"
"70.79400","13.40750","0.00978"
"70.80000","13.40798","0.00970"
"70.80600","13.40846","0.00965"
"70.81200","13.40900","0.00962"
"70.81800","13.40948","0.00967"
"70.82400","13.40996","0.00965"
"70.83000","13.41049","0.00964"
"70.83600","13.41097","0.00968"
"70.84200","13.41145","0.00975"
"70.84800","13.41199","0.00981"
"70.85400","13.41247","0.00977"
"70.86000","13.41294","0.00969"
"70.86600","13.41348","0.00971"
"70.87200","13.41396","0.00977"
"70.87800","13.41444","0.00985"
"70.88400","13.41498","0.00989"
"70.89000","13.41546","0.00993"
"70.89600","13.41599","0.00990"
"70.90200","13.41647","0.00992"
"70.90800","13.41695","0.00997"
"70.91400","13.41743","0.01001"
"70.92000","13.41791","0.01003"
"70.92600","13.41845","0.01000"
"70.93200","13.41892","0.00991"
"70.93800","13.41940","0.00983"
"70.94400","13.41988","0.00972"
"70.95000","13.42042","0.00965"
"70.95600","13.42090","0.00959"
"70.96200","13.42144","0.00962"
"70.96800","13.42191","0.00967"
"70.97400","13.42239","0.00977"
"70.98000","13.42293","0.00992"
"70.98600","13.42347","0.01000"
"70.99200","13.42395","0.01002"
"70.99800","13.42442","0.00997"
"71.00400","13.42496","0.00991"
"71.01000","13.42544","0.00984"
"71.01600","13.42598","0.00980"
"71.02200","13.42652","0.00981"
"71.02800","13.42700","0.00984"
"71.03400","13.42747","0.00990"
"71.04000","13.42801","0.00992"
"71.04600","13.42849","0.01008"
"71.05200","13.42903","0.01024"
"71.05800","13.42951","0.01031"
"71.06400","13.42998","0.01034"
"71.07000","13.43052","0.01028"
"71.07600","13.43100","0.01009"
"71.08200","13.43148","0.00988"
"71.08800","13.43202","0.00977"
"71.09400","13.43250","0.00967"
"71.10000","13.43297","0.00959"
"71.10600","13.43351","0.00957"
"71.11200","13.43399","0.00948"
"71.11800","13.43453","0.00944"
"71.12400","13.43501","0.00946"
"71.13000","13.43554","0.00953"
"71.13600","13.43602","0.00957"
"71.14200","13.43650","0.00955"
"71.14800","13.43704","0.00952"
"71.15400","13.43752","0.00951"
"71.16000","13.43800","0.00954"
"71.16600","13.43853","0.00965"
"71.17200","13.43901","0.00976"
"71.17800","13.43949","0.00976"
"71.18400","13.44003","0.00972"
"71.19000","13.44051","0.00966"
"71.19600","13.44099","0.00970"
"71.20200","13.44152","0.00977"
"71.20800","13.44200","0.00972"
"71.21400","13.44248","0.00959"
"71.22000","13.44302","0.00958"
"71.22600","13.44350","0.00961"
"71.23200","13.44404","0.00969"
"71.23800","13.44451","0.00977"
"71.24400","13.44505","0.00982"
"71.25000","13.44553","0.00977"
"71.25600","13.44601","0.00966"
"71.26200","13.44649","0.00963"
"71.26800","13.44703","0.00964"
"71.27400","13.44750","0.00959"
"71.28000","13.44798","0.00957"
"71.28600","13.44852","0.00963"
"71.29200","13.44900","0.00963"
"71.29800","13.44954","0.00963"
"71.30400","13.45001","0.00974"
"71.31000","13.45049","0.00983"
"71.31600","13.45097","0.00985"
"71.32200","13.45151","0.00989"
"71.32800","13.45199","0.00991"
"71.33400","13.45247","0.00984"
"71.34000","13.45300","0.00974"
"71.34600","13.45348","0.00975"
"71.35200","13.45396","0.00989"
"71.35800","13.45450","0.00992"
"71.36400","13.45498","0.00980"
"71.37000","13.45545","0.00968"
"71.37600","13.45599","0.00961"
"71.38200","13.45647","0.00969"
"71.38800","13.45695","0.00983"
"71.39400","13.45743","0.00988"
"71.40000","13.45797","0.00985"
"71.40600","13.45844","0.00975"
"71.41200","13.45892","0.00971"
"71.41800","13.45946","0.00978"
"71.42400","13.45994","0.00982"
"71.43000","13.46042","0.00987"
"71.43600","13.46096","0.00986"
"71.44200","13.46143","0.00987"
"71.44800","13.46191","0.00990"
"71.45400","13.46245","0.00998"
"71.46000","13.46293","0.01006"
"71.46600","13.46341","0.01002"
"71.47200","13.46395","0.00988"
"71.47800","13.46442","0.00976"
"71.48400","13.46490","0.00968"
"71.49000","13.46544","0.00956"
"71.49600","13.46592","0.00942"
"71.50200","13.46640","0.00941"
"71.50800","13.46693","0.00937"
"71.51400","13.46747","0.00937"
"71.52000","13.46795","0.00947"
"71.52600","13.46849","0.00957"
"71.53200","13.46897","0.00964"
"71.53800","13.46951","0.00966"
"71.54400","13.46998","0.00961"
"71.55000","13.47052","0.00965"
"71.55600","13.47100","0.00976"
"71.56200","13.47148","0.00985"
"71.56800","13.47196","0.00994"
"71.57400","13.47250","0.00992"
"71.58000","13.47297","0.00988"
"71.58600","13.47351","0.00984"
"71.59200","13.47399","0.00976"
"71.59800","13.47447","0.00972"
"71.60400","13.47501","0.00970"
"71.61000","13.47548","0.00958"
"71.61600","13.47596","0.00949"
"71.62200","13.47650","0.00951"
"71.62800","13.47698","0.00954"
"71.63400","13.47752","0.00962"
"71.64000","13.47800","0.00966"
"71.64600","13.47847","0.00970"
"71.65200","13.47901","0.00970"
"71.65800","13.47949","0.00966"
"71.66400","13.48003","0.00976"
"71.67000","13.48057","0.00985"
"71.67600","13.48104","0.00988"
"71.68200","13.48158","0.00989"
"71.68800","13.48206","0.00984"
"71.69400","13.48254","0.00981"
"71.70000","13.48302","0.00980"
"71.70600","13.48350","0.00975"
"71.71200","13.48403","0.00973"
"71.71800","13.48451","0.00971"
"71.72400","13.48499","0.00968"
"71.73000","13.48547","0.00974"
"71.73600","13.48601","0.00983"
"71.74200","13.48649","0.00978"
"71.74800","13.48696","0.00975"
"71.75400","13.48750","0.00976"
"71.76000","13.48798","0.00970"
"71.76600","13.48852","0.00963"
"71.77200","13.48900","0.00964"
"71.77800","13.48948","0.00973"
"71.78400","13.49001","0.00986"
"71.79000","13.49049","0.00990"
"71.79600","13.49103","0.00987"
"71.80200","13.49151","0.00991"
"71.80800","13.49205","0.00992"
"71.81400","13.49253","0.00988"
"71.82000","13.49306","0.00992"
"71.82600","13.49354","0.00990"
"71.83200","13.49402","0.00988"
"71.83800","13.49456","0.00985"
"71.84400","13.49504","0.00988"
"71.85000","13.49551","0.01000"
"71.85600","13.49599","0.01004"
"71.86200","13.49647","0.01000"
"71.86800","13.49701","0.01003"
"71.87400","13.49749","0.00999"
"71.88000","13.49797","0.00994"
"71.88600","13.49844","0.00999"
"71.89200","13.49898","0.00998"
"71.89800","13.49946","0.00988"
"71.90400","13.49994","0.00969"
"71.91000","13.50042","0.00947"
"71.91600","13.50095","0.00938"
"71.92200","13.50143","0.00940"
"71.92800","13.50191","0.00945"
"71.93400","13.50245","0.00951"
"71.94000","13.50293","0.00951"
"71.94600","13.50347","0.00955"
"71.95200","13.50394","0.00964"
"71.95800","13.50448","0.00981"
"71.96400","13.50496","0.00997"
"71.97000","13.50544","0.00997"
"71.97600","13.50598","0.00991"
"71.98200","13.50646","0.00989"
"71.98800","13.50693","0.00993"
"71.99400","13.50747","0.00996"
"72.00000","13.50795","0.01002"
"72.00600","13.50843","0.01003"
"72.01200","13.50891","0.01005"
"72.01800","13.50939","0.01012"
"72.02400","13.50992","0.01014"
"72.03000","13.51040","0.01008"
"72.03600","13.51088","0.01000"
"72.04200","13.51142","0.00988"
"72.04800","13.51190","0.00983"
"72.05400","13.51237","0.00982"
"72.06000","13.51291","0.00989"
"72.06600","13.51345","0.01006"
"72.07200","13.51393","0.01019"
"72.07800","13.51447","0.01017"
"72.08400","13.51501","0.01011"
"72.09000","13.51548","0.01000"
"72.09600","13.51602","0.00989"
"72.10200","13.51650","0.00980"
"72.10800","13.51704","0.00972"
"72.11400","13.51752","0.00968"
"72.12000","13.51799","0.00969"
"72.12600","13.51853","0.00971"
"72.13200","13.51901","0.00971"
"72.13800","13.51949","0.00970"
"72.14400","13.52003","0.00972"
"72.15000","13.52051","0.00976"
"72.15600","13.52104","0.00980"
"72.16200","13.52152","0.00987"
"72.16800","13.52200","0.00991"
"72.17400","13.52248","0.00992"
"72.18000","13.52302","0.00992"
"72.18600","13.52349","0.00997"
"72.19200","13.52403","0.01001"
"72.19800","13.52451","0.01002"
"72.20400","13.52499","0.01000"
"72.21000","13.52553","0.00998"
"72.21600","13.52601","0.01000"
"72.22200","13.52655","0.01004"
"72.22800","13.52702","0.00997"
"72.23400","13.52756","0.00995"
"72.24000","13.52804","0.00988"
"72.24600","13.52858","0.00980"
"72.25200","13.52906","0.00977"
"72.25800","13.52954","0.00978"
"72.26400","13.53001","0.00986"
"72.27000","13.53055","0.00993"
"72.27600","13.53103","0.00995"
"72.28200","13.53151","0.01004"
"72.28800","13.53199","0.01017"
"72.29400","13.53246","0.01011"
"72.30000","13.53300","0.01007"
"72.30600","13.53348","0.01001"
"72.31200","13.53402","0.00997"
"72.31800","13.53450","0.00998"
"72.32400","13.53498","0.00996"
"72.33000","13.53551","0.00992"
"72.33600","13.53599","0.00996"
"72.34200","13.53647","0.00991"
"72.34800","13.53701","0.00994"
"72.35400","13.53749","0.01001"
"72.36000","13.53797","0.01000"
"72.36600","13.53850","0.01000"
"72.37200","13.53904","0.00987"
"72.37800","13.53952","0.00975"
"72.38400","13.54006","0.00970"
"72.39000","13.54054","0.00964"
"72.39600","13.54107","0.00964"
"72.40200","13.54155","0.00975"
"72.40800","13.54203","0.00981"
"72.41400","13.54257","0.00981"
"72.42000","13.54305","0.00988"
"72.42600","13.54353","0.00994"
"72.43200","13.54400","0.01003"
"72.43800","13.54448","0.01001"
"72.44400","13.54496","0.00990"
"72.45000","13.54550","0.00987"
"72.45600","13.54598","0.00986"
"72.46200","13.54645","0.00986"
"72.46800","13.54699","0.00987"
"72.47400","13.54747","0.00985"
"72.48000","13.54795","0.00989"
"72.48600","13.54843","0.01000"
"72.49200","13.54897","0.01005"
"72.49800","13.54944","0.01010"
"72.50400","13.54998","0.01018"
"72.51000","13.55046","0.01012"
"72.51600","13.55100","0.01007"
"72.52200","13.55148","0.01006"
"72.52800","13.55201","0.01005"
"72.53400","13.55249","0.01006"
"72.54000","13.55297","0.00999"
"72.54600","13.55351","0.00988"
"72.55200","13.55399","0.00979"
"72.55800","13.55447","0.00972"
"72.56400","13.55494","0.00971"
"72.57000","13.55542","0.00975"
"72.57600","13.55590","0.00975"
"72.58200","13.55644","0.00976"
"72.58800","13.55692","0.00977"
"72.59400","13.55740","0.00980"
"72.60000","13.55793","0.00992"
"72.60600","13.55841","0.00998"
"72.61200","13.55889","0.01000"
"72.61800","13.55943","0.01000"
"72.62400","13.55991","0.01005"
"72.63000","13.56045","0.01007"
"72.63600","13.56092","0.01013"
"72.64200","13.56146","0.01003"
"72.64800","13.56194","0.00997"
"72.65400","13.56248","0.00990"
"72.66000","13.56302","0.00978"
"72.66600","13.56349","0.00984"
"72.67200","13.56403","0.00993"
"72.67800","13.56451","0.00998"
"72.68400","13.56505","0.01005"
"72.69000","13.56553","0.01002"
"72.69600","13.56601","0.00995"
"72.70200","13.56654","0.00992"
"72.70800","13.56702","0.00982"
"72.71400","13.56750","0.00965"
"72.72000","13.56798","0.00958"
"72.72600","13.56852","0.00953"
"72.73200","13.56900","0.00951"
"72.73800","13.56953","0.00952"
"72.74400","13.57001","0.00957"
"72.75000","13.57049","0.00967"
"72.75600","13.57103","0.00973"
"72.76200","13.57151","0.00979"
"72.76800","13.57199","0.00989"
"72.77400","13.57252","0.00999"
"72.78000","13.57300","0.01000"
"72.78600","13.57354","0.00994"
"72.79200","13.57402","0.00984"
"72.79800","13.57456","0.00982"
"72.80400","13.57503","0.00992"
"72.81000","13.57557","0.00998"
"72.81600","13.57605","0.01002"
"72.82200","13.57659","0.01003"
"72.82800","13.57707","0.00992"
"72.83400","13.57755","0.00987"
"72.84000","13.57808","0.00987"
"72.84600","13.57856","0.00991"
"72.85200","13.57904","0.00996"
"72.85800","13.57952","0.00997"
"72.86400","13.58000","0.00995"
"72.87000","13.58054","0.00997"
"72.87600","13.58101","0.00990"
"72.88200","13.58149","0.00983"
"72.88800","13.58203","0.00979"
"72.89400","13.58251","0.00983"
"72.90000","13.58299","0.00986"
"72.90600","13.58347","0.00985"
"72.91200","13.58400","0.00986"
"72.91800","13.58448","0.00996"
"72.92400","13.58496","0.00997"
"72.93000","13.58550","0.01000"
"72.93600","13.58598","0.01007"
"72.94200","13.58651","0.01001"
"72.94800","13.58699","0.00993"
"72.95400","13.58753","0.00991"
"72.96000","13.58801","0.00996"
"72.96600","13.58855","0.00998"
"72.97200","13.58903","0.00987"
"72.97800","13.58950","0.00970"
"72.98400","13.58998","0.00966"
"72.99000","13.59046","0.00966"
"72.99600","13.59100","0.00972"
"73.00200","13.59148","0.00982"
"73.00800","13.59195","0.00986"
"73.01400","13.59249","0.00989"
"73.02000","13.59297","0.01001"
"73.02600","13.59351","0.01009"
"73.03200","13.59399","0.01026"
"73.03800","13.59447","0.01038"
"73.04400","13.59501","0.01033"
"73.05000","13.59548","0.01020"
"73.05600","13.59596","0.01006"
"73.06200","13.59644","0.00995"
"73.06800","13.59698","0.00996"
"73.07400","13.59746","0.01000"
"73.08000","13.59793","0.00999"
"73.08600","13.59847","0.00993"
"73.09200","13.59895","0.00988"
"73.09800","13.59949","0.00987"
"73.10400","13.59997","0.00985"
"73.11000","13.60050","0.00979"
"73.11600","13.60098","0.00974"
"73.12200","13.60152","0.00968"
"73.12800","13.60200","0.00967"
"73.13400","13.60248","0.00977"
"73.14000","13.60295","0.00986"
"73.14600","13.60349","0.00988"
"73.15200","13.60397","0.00993"
"73.15800","13.60445","0.00992"
"73.16400","13.60499","0.00995"
"73.17000","13.60547","0.01000"
"73.17600","13.60594","0.01000"
"73.18200","13.60648","0.00995"
"73.18800","13.60696","0.00985"
"73.19400","13.60750","0.00974"
"73.20000","13.60798","0.00981"
"73.20600","13.60846","0.00988"
"73.21200","13.60899","0.00979"
"73.21800","13.60947","0.00972"
"73.22400","13.60995","0.00962"
"73.23000","13.61049","0.00954"
"73.23600","13.61103","0.00953"
"73.24200","13.61151","0.00958"
"73.24800","13.61204","0.00968"
"73.25400","13.61252","0.00977"
"73.26000","13.61300","0.00981"
"73.26600","13.61354","0.00985"
"73.27200","13.61402","0.00992"
"73.27800","13.61450","0.00995"
"73.28400","13.61503","0.00995"
"73.29000","13.61551","0.00995"
"73.29600","13.61599","0.00995"
"73.30200","13.61653","0.00996"
"73.30800","13.61701","0.01003"
"73.31400","13.61749","0.01010"
"73.32000","13.61802","0.01017"
"73.32600","13.61850","0.01014"
"73.33200","13.61898","0.01000"
"73.33800","13.61952","0.00982"
"73.34400","13.62000","0.00971"
"73.35000","13.62048","0.00972"
"73.35600","13.62101","0.00982"
"73.36200","13.62149","0.00990"
"73.36800","13.62203","0.01001"
"73.37400","13.62251","0.00999"
"73.38000","13.62299","0.00991"
"73.38600","13.62352","0.00988"
"73.39200","13.62400","0.00985"
"73.39800","13.62454","0.00986"
"73.40400","13.62502","0.00989"
"73.41000","13.62556","0.00984"
"73.41600","13.62604","0.00975"
"73.42200","13.62651","0.00979"
"73.42800","13.62699","0.00991"
"73.43400","13.62747","0.01011"
"73.44000","13.62801","0.01014"
"73.44600","13.62849","0.00998"
"73.45200","13.62897","0.00985"
"73.45800","13.62950","0.00980"
"73.46400","13.62998","0.00985"
"73.47000","13.63046","0.00999"
"73.47600","13.63094","0.00998"
"73.48200","13.63148","0.00993"
"73.48800","13.63196","0.00992"
"73.49400","13.63243","0.00991"
"73.50000","13.63297","0.00997"
"73.50600","13.63345","0.00997"
"73.51200","13.63399","0.00991"
"73.51800","13.63446","0.00984"
"73.52400","13.63494","0.00974"
"73.53000","13.63548","0.00969"
"73.53600","13.63596","0.00974"
"73.54200","13.63650","0.00981"
"73.54800","13.63698","0.00988"
"73.55400","13.63745","0.00990"
"73.56000","13.63793","0.00991"
"73.56600","13.63841","0.01001"
"73.57200","13.63895","0.01011"
"73.57800","13.63943","0.01011"
"73.58400","13.63991","0.01003"
"73.59000","13.64044","0.00984"
"73.59600","13.64092","0.00965"
"73.60200","13.64146","0.00962"
"73.60800","13.64194","0.00970"
"73.61400","13.64242","0.00981"
"73.62000","13.64290","0.00992"
"73.62600","13.64343","0.01000"
"73.63200","13.64391","0.01002"
"73.63800","13.64439","0.00998"
"73.64400","13.64493","0.00991"
"73.65000","13.64541","0.00994"
"73.65600","13.64594","0.00999"
"73.66200","13.64642","0.00998"
"73.66800","13.64696","0.01001"
"73.67400","13.64744","0.00997"
"73.68000","13.64798","0.00996"
"73.68600","13.64846","0.00990"
"73.69200","13.64899","0.00982"
"73.69800","13.64947","0.00976"
"73.70400","13.64995","0.00972"
"73.71000","13.65049","0.00970"
"73.71600","13.65097","0.00976"
"73.72200","13.65145","0.00992"
"73.72800","13.65192","0.01002"
"73.73400","13.65246","0.01006"
"73.74000","13.65294","0.01005"
"73.74600","13.65348","0.00992"
"73.75200","13.65396","0.00986"
"73.75800","13.65444","0.00983"
"73.76400","13.65497","0.00989"
"73.77000","13.65545","0.00997"
"73.77600","13.65593","0.00995"
"73.78200","13.65647","0.00993"
"73.78800","13.65695","0.00994"
"73.79400","13.65748","0.00987"
"73.80000","13.65796","0.00985"
"73.80600","13.65850","0.00989"
"73.81200","13.65898","0.00983"
"73.81800","13.65952","0.00977"
"73.82400","13.66000","0.00970"
"73.83000","13.66053","0.00970"
"73.83600","13.66101","0.00964"
"73.84200","13.66149","0.00946"
"73.84800","13.66203","0.00942"
"73.85400","13.66251","0.00950"
"73.86000","13.66299","0.00951"
"73.86600","13.66346","0.00958"
"73.87200","13.66400","0.00959"
"73.87800","13.66448","0.00957"
"73.88400","13.66496","0.00955"
"73.89000","13.66550","0.00950"
"73.89600","13.66597","0.00954"
"73.90200","13.66645","0.00966"
"73.90800","13.66699","0.00970"
"73.91400","13.66747","0.00974"
"73.92000","13.66795","0.00980"
"73.92600","13.66849","0.00981"
"73.93200","13.66896","0.00988"
"73.93800","13.66950","0.00991"
"73.94400","13.66998","0.00983"
"73.95000","13.67052","0.00978"
"73.95600","13.67100","0.00975"
"73.96200","13.67154","0.00981"
"73.96800","13.67201","0.00991"
"73.97400","13.67249","0.00986"
"73.98000","13.67303","0.00978"
"73.98600","13.67351","0.00975"
"73.99200","13.67399","0.00969"
"73.99800","13.67452","0.00960"
"74.00400","13.67500","0.00960"
"74.01000","13.67548","0.00964"
"74.01600","13.67596","0.00962"
"74.02200","13.67650","0.00959"
"74.02800","13.67698","0.00951"
"74.03400","13.67745","0.00952"
"74.04000","13.67799","0.00953"
"74.04600","13.67847","0.00952"
"74.05200","13.67895","0.00949"
"74.05800","13.67943","0.00945"
"74.06400","13.67996","0.00953"
"74.07000","13.68044","0.00961"
"74.07600","13.68098","0.00962"
"74.08200","13.68146","0.00964"
"74.08800","13.68194","0.00962"
"74.09400","13.68248","0.00955"
"74.10000","13.68295","0.00953"
"74.10600","13.68349","0.00955"
"74.11200","13.68397","0.00964"
"74.11800","13.68451","0.00975"
"74.12400","13.68499","0.00980"
"74.13000","13.68546","0.00985"
"74.13600","13.68600","0.00993"
"74.14200","13.68648","0.00998"
"74.14800","13.68696","0.00991"
"74.15400","13.68744","0.00986"
"74.16000","13.68798","0.00977"
"74.16600","13.68845","0.00972"
"74.17200","13.68893","0.00976"
"74.17800","13.68941","0.00985"
"74.18400","13.68989","0.00992"
"74.19000","13.69043","0.00998"
"74.19600","13.69091","0.00995"
"74.20200","13.69138","0.00999"
"74.20800","13.69192","0.01005"
"74.21400","13.69240","0.01007"
"74.22000","13.69294","0.01012"
"74.22600","13.69342","0.01009"
"74.23200","13.69395","0.01005"
"74.23800","13.69443","0.01003"
"74.24400","13.69497","0.00995"
"74.25000","13.69551","0.00993"
"74.25600","13.69599","0.01005"
"74.26200","13.69653","0.01009"
"74.26800","13.69701","0.01006"
"74.27400","13.69754","0.00997"
"74.28000","13.69802","0.00984"
"74.28600","13.69850","0.00976"
"74.29200","13.69904","0.00969"
"74.29800","13.69952","0.00974"
"74.30400","13.70005","0.00974"
"74.31000","13.70053","0.00965"
"74.31600","13.70101","0.00966"
"74.32200","13.70155","0.00971"
"74.32800","13.70203","0.00968"
"74.33400","13.70251","0.00966"
"74.34000","13.70298","0.00961"
"74.34600","13.70352","0.00960"
"74.35200","13.70400","0.00965"
"74.35800","13.70448","0.00965"
"74.36400","13.70502","0.00969"
"74.37000","13.70550","0.00976"
"74.37600","13.70603","0.00969"
"74.38200","13.70651","0.00964"
"74.38800","13.70699","0.00964"
"74.39400","13.70753","0.00949"
"74.40000","13.70801","0.00939"
"74.40600","13.70849","0.00937"
"74.41200","13.70902","0.00941"
"74.41800","13.70950","0.00948"
"74.42400","13.70998","0.00951"
"74.43000","13.71052","0.00951"
"74.43600","13.71100","0.00950"
"74.44200","13.71153","0.00947"
"74.44800","13.71201","0.00950"
"74.45400","13.71255","0.00956"
"74.46000","13.71303","0.00962"
"74.46600","13.71351","0.00971"
"74.47200","13.71405","0.00976"
"74.47800","13.71452","0.00978"
"74.48400","13.71500","0.00979"
"74.49000","13.71554","0.00978"
"74.49600","13.71602","0.00976"
"74.50200","13.71650","0.00974"
"74.50800","13.71704","0.00967"
"74.51400","13.71751","0.00964"
"74.52000","13.71799","0.00969"
"74.52600","13.71853","0.00968"
"74.53200","13.71901","0.00965"
"74.53800","13.71949","0.00964"
"74.54400","13.72002","0.00956"
"74.55000","13.72050","0.00946"
"74.55600","13.72104","0.00948"
"74.56200","13.72152","0.00954"
"74.56800","13.72200","0.00960"
"74.57400","13.72248","0.00969"
"74.58000","13.72301","0.00974"
"74.58600","13.72349","0.00977"
"74.59200","13.72403","0.00977"
"74.59800","13.72451","0.00979"
"74.60400","13.72499","0.00990"
"74.61000","13.72552","0.00994"
"74.61600","13.72600","0.00997"
"74.62200","13.72648","0.00994"
"74.62800","13.72696","0.00992"
"74.63400","13.72750","0.00997"
"74.64000","13.72797","0.01008"
"74.64600","13.72845","0.01011"
"74.65200","13.72893","0.01011"
"74.65800","13.72947","0.01003"
"74.66400","13.72995","0.00988"
"74.67000","13.73049","0.00976"
"74.67600","13.73096","0.00973"
"74.68200","13.73144","0.00975"
"74.68800","13.73198","0.00976"
"74.69400","13.73246","0.00972"
"74.70000","13.73294","0.00969"
"74.70600","13.73348","0.00971"
"74.71200","13.73395","0.00971"
"74.71800","13.73443","0.00976"
"74.72400","13.73497","0.00982"
"74.73000","13.73545","0.00985"
"74.73600","13.73599","0.00989"
"74.74200","13.73647","0.00986"
"74.74800","13.73694","0.00991"
"74.75400","13.73748","0.00997"
"74.76000","13.73796","0.00991"
"74.76600","13.73844","0.00982"
"74.77200","13.73898","0.00979"
"74.77800","13.73946","0.00973"
"74.78400","13.73999","0.00971"
"74.79000","13.74047","0.00981"
"74.79600","13.74095","0.00987"
"74.80200","13.74149","0.00988"
"74.80800","13.74197","0.00981"
"74.81400","13.74251","0.00972"
"74.82000","13.74298","0.00971"
"74.82600","13.74346","0.00967"
"74.83200","13.74400","0.00968"
"74.83800","13.74448","0.00967"
"74.84400","13.74502","0.00962"
"74.85000","13.74549","0.00964"
"74.85600","13.74597","0.00967"
"74.86200","13.74651","0.00969"
"74.86800","13.74699","0.00975"
"74.87400","13.74753","0.00968"
"74.88000","13.74801","0.00959"
"74.88600","13.74854","0.00957"
"74.89200","13.74902","0.00950"
"74.89800","13.74950","0.00948"
"74.90400","13.75004","0.00947"
"74.91000","13.75052","0.00941"
"74.91600","13.75100","0.00942"
"74.92200","13.75147","0.00951"
"74.92800","13.75195","0.00957"
"74.93400","13.75249","0.00966"
"74.94000","13.75297","0.00964"
"74.94600","13.75351","0.00962"
"74.95200","13.75399","0.00955"
"74.95800","13.75452","0.00944"
"74.96400","13.75500","0.00948"
"74.97000","13.75548","0.00963"
"74.97600","13.75602","0.00969"
"74.98200","13.75650","0.00967"
"74.98800","13.75703","0.00965"
"74.99400","13.75751","0.00967"
"75.00000","13.75805","0.00972"
"75.00600","13.75853","0.00973"
"75.01200","13.75901","0.00972"
"75.01800","13.75955","0.00970"
"75.02400","13.76002","0.00959"
"75.03000","13.76056","0.00958"
"75.03600","13.76104","0.00971"
"75.04200","13.76152","0.00977"
"75.04800","13.76200","0.00978"
"75.05400","13.76248","0.00980"
"75.06000","13.76301","0.00977"
"75.06600","13.76349","0.00980"
"75.07200","13.76397","0.00982"
"75.07800","13.76451","0.00984"
"75.08400","13.76499","0.00989"
"75.09000","13.76552","0.00984"
"75.09600","13.76600","0.00977"
"75.10200","13.76654","0.00978"
"75.10800","13.76702","0.00972"
"75.11400","13.76756","0.00963"
"75.12000","13.76803","0.00962"
"75.12600","13.76851","0.00958"
"75.13200","13.76905","0.00953"
"75.13800","13.76953","0.00950"
"75.14400","13.77001","0.00947"
"75.15000","13.77055","0.00955"
"75.15600","13.77102","0.00969"
"75.16200","13.77150","0.00978"
"75.16800","13.77198","0.00982"
"75.17400","13.77252","0.00978"
"75.18000","13.77300","0.00978"
"75.18600","13.77348","0.00985"
"75.19200","13.77395","0.00982"
"75.19800","13.77449","0.00973"
"75.20400","13.77497","0.00977"
"75.21000","13.77545","0.00982"
"75.21600","13.77599","0.00982"
"75.22200","13.77646","0.00993"
"75.22800","13.77694","0.00998"
"75.23400","13.77748","0.01002"
"75.24000","13.77796","0.01011"
"75.24600","13.77850","0.01018"
"75.25200","13.77898","0.01024"
"75.25800","13.77945","0.01025"
"75.26400","13.77999","0.01023"
"75.27000","13.78047","0.01022"
"75.27600","13.78101","0.01009"
"75.28200","13.78149","0.01000"
"75.28800","13.78197","0.01006"
"75.29400","13.78250","0.01010"
"75.30000","13.78298","0.01011"
"75.30600","13.78346","0.01006"
"75.31200","13.78394","0.01003"
"75.31800","13.78448","0.01010"
"75.32400","13.78496","0.01016"
"75.33000","13.78543","0.01018"
"75.33600","13.78591","0.01010"
"75.34200","13.78645","0.00989"
"75.34800","13.78693","0.00968"
"75.35400","13.78741","0.00959"
"75.36000","13.78795","0.00956"
"75.36600","13.78842","0.00960"
"75.37200","13.78896","0.00969"
"75.37800","13.78944","0.00975"
"75.38400","13.78998","0.00978"
"75.39000","13.79046","0.00977"
"75.39600","13.79099","0.00979"
"75.40200","13.79153","0.00984"
"75.40800","13.79201","0.00984"
"75.41400","13.79249","0.00980"
"75.42000","13.79303","0.00976"
"75.42600","13.79351","0.00976"
"75.43200","13.79398","0.00978"
"75.43800","13.79446","0.00980"
"75.44400","13.79500","0.00975"
"75.45000","13.79548","0.00970"
"75.45600","13.79596","0.00980"
"75.46200","13.79644","0.00995"
"75.46800","13.79697","0.01003"
"75.47400","13.79745","0.00998"
"75.48000","13.79793","0.00986"
"75.48600","13.79847","0.00971"
"75.49200","13.79895","0.00960"
"75.49800","13.79949","0.00955"
"75.50400","13.79996","0.00952"
"75.51000","13.80044","0.00951"
"75.51600","13.80098","0.00953"
"75.52200","13.80146","0.00966"
"75.52800","13.80200","0.00980"
"75.53400","13.80253","0.00992"
"75.54000","13.80301","0.01002"
"75.54600","13.80355","0.01015"
"75.55200","13.80403","0.01020"
"75.55800","13.80457","0.01019"
"75.56400","13.80505","0.01017"
"75.57000","13.80552","0.01014"
"75.57600","13.80606","0.01011"
"75.58200","13.80654","0.01013"
"75.58800","13.80702","0.01014"
"75.59400","13.80750","0.01009"
"75.60000","13.80797","0.01010"
"75.60600","13.80851","0.01011"
"75.61200","13.80899","0.01004"
"75.61800","13.80947","0.01006"
"75.62400","13.80995","0.01009"
"75.63000","13.81048","0.01015"
"75.63600","13.81096","0.01022"
"75.64200","13.81144","0.01020"
"75.64800","13.81192","0.01011"
"75.65400","13.81246","0.01005"
"75.66000","13.81294","0.00998"
"75.66600","13.81347","0.00993"
"75.67200","13.81395","0.00987"
"75.67800","13.81449","0.00987"
"75.68400","13.81497","0.00991"
"75.69000","13.81551","0.00997"
"75.69600","13.81599","0.00991"
"75.70200","13.81646","0.00989"
"75.70800","13.81694","0.00984"
"75.71400","13.81742","0.00985"
"75.72000","13.81796","0.00989"
"75.72600","13.81844","0.00987"
"75.73200","13.81892","0.00988"
"75.73800","13.81939","0.00989"
"75.74400","13.81993","0.00995"
"75.75000","13.82041","0.00997"
"75.75600","13.82089","0.00995"
"75.76200","13.82143","0.00988"
"75.76800","13.82191","0.00989"
"75.77400","13.82238","0.00994"
"75.78000","13.82292","0.01001"
"75.78600","13.82340","0.01010"
"75.79200","13.82388","0.01015"
"75.79800","13.82442","0.01019"
"75.80400","13.82489","0.01022"
"75.81000","13.82543","0.01011"
"75.81600","13.82591","0.01005"
"75.82200","13.82645","0.01001"
"75.82800","13.82699","0.00991"
"75.83400","13.82747","0.00989"
"75.84000","13.82800","0.00983"
"75.84600","13.82848","0.00973"
"75.85200","13.82896","0.00975"
"75.85800","13.82944","0.00977"
"75.86400","13.82998","0.00979"
"75.87000","13.83046","0.00981"
"75.87600","13.83093","0.00975"
"75.88200","13.83147","0.00976"
"75.88800","13.83195","0.00988"
"75.89400","13.83249","0.00992"
"75.90000","13.83297","0.00987"
"75.90600","13.83350","0.00977"
"75.91200","13.83398","0.00964"
"75.91800","13.83446","0.00957"
"75.92400","13.83500","0.00952"
"75.93000","13.83548","0.00951"
"75.93600","13.83602","0.00949"
"75.94200","13.83649","0.00938"
"75.94800","13.83697","0.00929"
"75.95400","13.83751","0.00941"
"75.96000","13.83799","0.00955"
"75.96600","13.83853","0.00970"
"75.97200","13.83901","0.00978"
"75.97800","13.83954","0.00982"
"75.98400","13.84002","0.00979"
"75.99000","13.84056","0.00980"
"75.99600","13.84104","0.00987"
"76.00200","13.84152","0.00998"
"76.00800","13.84200","0.01002"
"76.01400","13.84247","0.00998"
"76.02000","13.84301","0.00997"
"76.02600","13.84349","0.00994"
"76.03200","13.84397","0.00995"
"76.03800","13.84451","0.01004"
"76.04400","13.84499","0.01002"
"76.05000","13.84546","0.00993"
"76.05600","13.84600","0.00985"
"76.06200","13.84648","0.00976"
"76.06800","13.84702","0.00980"
"76.07400","13.84750","0.00984"
"76.08000","13.84803","0.00985"
"76.08600","13.84851","0.00989"
"76.09200","13.84899","0.00985"
"76.09800","13.84953","0.00976"
"76.10400","13.85001","0.00977"
"76.11000","13.85054","0.00978"
"76.11600","13.85102","0.00981"
"76.12200","13.85150","0.00985"
"76.12800","13.85204","0.00989"
"76.13400","13.85252","0.01002"
"76.14000","13.85300","0.01017"
"76.14600","13.85353","0.01023"
"76.15200","13.85401","0.01026"
"76.15800","13.85449","0.01018"
"76.16400","13.85503","0.01009"
"76.17000","13.85551","0.01006"
"76.17600","13.85599","0.00996"
"76.18200","13.85652","0.00994"
"76.18800","13.85700","0.01000"
"76.19400","13.85748","0.01000"
"76.20000","13.85802","0.00999"
"76.20600","13.85850","0.00998"
"76.21200","13.85897","0.00992"
"76.21800","13.85951","0.00997"
"76.22400","13.85999","0.00997"
"76.23000","13.86053","0.00989"
"76.23600","13.86101","0.00976"
"76.24200","13.86149","0.00954"
"76.24800","13.86202","0.00944"
"76.25400","13.86250","0.00946"
"76.26000","13.86304","0.00949"
"76.26600","13.86352","0.00959"
"76.27200","13.86400","0.00968"
"76.27800","13.86448","0.00969"
"76.28400","13.86501","0.00974"
"76.29000","13.86549","0.00980"
"76.29600","13.86597","0.00979"
"76.30200","13.86645","0.00975"
"76.30800","13.86699","0.00968"
"76.31400","13.86747","0.00966"
"76.32000","13.86794","0.00976"
"76.32600","13.86848","0.00982"
"76.33200","13.86896","0.00977"
"76.33800","13.86944","0.00970"
"76.34400","13.86998","0.00948"
"76.35000","13.87046","0.00932"
"76.35600","13.87093","0.00928"
"76.36200","13.87147","0.00934"
"76.36800","13.87195","0.00941"
"76.37400","13.87243","0.00947"
"76.38000","13.87297","0.00953"
"76.38600","13.87350","0.00960"
"76.39200","13.87398","0.00963"
"76.39800","13.87452","0.00967"
"76.40400","13.87500","0.00970"
"76.41000","13.87554","0.00965"
"76.41600","13.87602","0.00965"
"76.42200","13.87655","0.00968"
"76.42800","13.87703","0.00970"
"76.43400","13.87751","0.00980"
"76.44000","13.87805","0.00991"
"76.44600","13.87853","0.00992"
"76.45200","13.87900","0.00981"
"76.45800","13.87954","0.00973"
"76.46400","13.88002","0.00981"
"76.47000","13.88050","0.00995"
"76.47600","13.88104","0.00994"
"76.48200","13.88152","0.00982"
"76.48800","13.88199","0.00976"
"76.49400","13.88253","0.00966"
"76.50000","13.88301","0.00961"
"76.50600","13.88349","0.00965"
"76.51200","13.88403","0.00965"
"76.51800","13.88451","0.00964"
"76.52400","13.88504","0.00962"
"76.53000","13.88552","0.00955"
"76.53600","13.88606","0.00958"
"76.54200","13.88654","0.00958"
"76.54800","13.88702","0.00954"
"76.55400","13.88755","0.00955"
"76.56000","13.88803","0.00951"
"76.56600","13.88851","0.00950"
"76.57200","13.88899","0.00960"
"76.57800","13.88947","0.00972"
"76.58400","13.89001","0.00984"
"76.59000","13.89048","0.00991"
"76.59600","13.89096","0.00996"
"76.60200","13.89150","0.00999"
"76.60800","13.89198","0.00997"
"76.61400","13.89252","0.00989"
"76.62000","13.89299","0.00987"
"76.62600","13.89347","0.00985"
"76.63200","13.89401","0.00975"
"76.63800","13.89449","0.00975"
"76.64400","13.89497","0.00984"
"76.65000","13.89551","0.00993"
"76.65600","13.89598","0.00996"
"76.66200","13.89646","0.00994"
"76.66800","13.89700","0.00988"
"76.67400","13.89748","0.00981"
"76.68000","13.89802","0.00976"
"76.68600","13.89850","0.00980"
"76.69200","13.89903","0.00987"
"76.69800","13.89951","0.00992"
"76.70400","13.90005","0.00998"
"76.71000","13.90053","0.00997"
"76.71600","13.90101","0.00991"
"76.72200","13.90154","0.00994"
"76.72800","13.90202","0.00992"
"76.73400","13.90250","0.00988"
"76.74000","13.90304","0.00980"
"76.74600","13.90352","0.00969"
"76.75200","13.90400","0.00968"
"76.75800","13.90447","0.00963"
"76.76400","13.90501","0.00956"
"76.77000","13.90549","0.00957"
"76.77600","13.90597","0.00950"
"76.78200","13.90651","0.00950"
"76.78800","13.90699","0.00966"
"76.79400","13.90746","0.00980"
"76.80000","13.90800","0.00994"
"76.80600","13.90848","0.00995"
"76.81200","13.90902","0.00978"
"76.81800","13.90950","0.00962"
"76.82400","13.91004","0.00955"
"76.83000","13.91051","0.00958"
"76.83600","13.91099","0.00969"
"76.84200","13.91153","0.00977"
"76.84800","13.91201","0.00977"
"76.85400","13.91249","0.00982"
"76.86000","13.91296","0.00987"
"76.86600","13.91350","0.01000"
"76.87200","13.91398","0.01004"
"76.87800","13.91446","0.00995"
"76.88400","13.91500","0.00980"
"76.89000","13.91548","0.00967"
"76.89600","13.91595","0.00973"
"76.90200","13.91643","0.00980"
"76.90800","13.91697","0.00989"
"76.91400","13.91745","0.01003"
"76.92000","13.91793","0.01016"
"76.92600","13.91847","0.01030"
"76.93200","13.91894","0.01041"
"76.93800","13.91942","0.01048"
"76.94400","13.91996","0.01050"
"76.95000","13.92044","0.01046"
"76.95600","13.92098","0.01042"
"76.96200","13.92151","0.01036"
"76.96800","13.92199","0.01033"
"76.97400","13.92247","0.01023"
"76.98000","13.92301","0.01003"
"76.98600","13.92349","0.00990"
"76.99200","13.92403","0.00985"
"76.99800","13.92450","0.00984"
"77.00400","13.92498","0.00994"
"77.01000","13.92552","0.01007"
"77.01600","13.92600","0.01009"
"77.02200","13.92648","0.01003"
"77.02800","13.92696","0.00989"
"77.03400","13.92749","0.00986"
"77.04000","13.92797","0.00980"
"77.04600","13.92851","0.00972"
"77.05200","13.92899","0.00974"
"77.05800","13.92947","0.00978"
"77.06400","13.93001","0.00977"
"77.07000","13.93048","0.00978"
"77.07600","13.93096","0.00982"
"77.08200","13.93150","0.00989"
"77.08800","13.93198","0.00994"
"77.09400","13.93246","0.00995"
"77.10000","13.93299","0.00998"
"77.10600","13.93347","0.00999"
"77.11200","13.93401","0.01001"
"77.11800","13.93455","0.01006"
"77.12400","13.93503","0.01003"
"77.13000","13.93551","0.00997"
"77.13600","13.93604","0.00995"
"77.14200","13.93652","0.00988"
"77.14800","13.93706","0.00987"
"77.15400","13.93754","0.00995"
"77.16000","13.93802","0.00997"
"77.16600","13.93856","0.00997"
"77.17200","13.93903","0.00993"
"77.17800","13.93951","0.00990"
"77.18400","13.93999","0.00996"
"77.19000","13.94053","0.01000"
"77.19600","13.94101","0.00993"
"77.20200","13.94148","0.00987"
"77.20800","13.94196","0.00978"
"77.21400","13.94250","0.00969"
"77.22000","13.94298","0.00970"
"77.22600","13.94346","0.00972"
"77.23200","13.94394","0.00970"
"77.23800","13.94447","0.00969"
"77.24400","13.94495","0.00966"
"77.25000","13.94549","0.00970"
"77.25600","13.94597","0.00981"
"77.26200","13.94651","0.00989"
"77.26800","13.94699","0.00999"
"77.27400","13.94752","0.01001"
"77.28000","13.94800","0.00996"
"77.28600","13.94854","0.00994"
"77.29200","13.94902","0.00996"
"77.29800","13.94950","0.00994"
"77.30400","13.94997","0.00991"
"77.31000","13.95051","0.00983"
"77.31600","13.95099","0.00985"
"77.32200","13.95147","0.00985"
"77.32800","13.95195","0.00977"
"77.33400","13.95249","0.00976"
"77.34000","13.95296","0.00973"
"77.34600","13.95344","0.00971"
"77.35200","13.95398","0.00977"
"77.35800","13.95446","0.00982"
"77.36400","13.95494","0.00982"
"77.37000","13.95548","0.00986"
"77.37600","13.95595","0.00980"
"77.38200","13.95643","0.00970"
"77.38800","13.95697","0.00960"
"77.39400","13.95745","0.00955"
"77.40000","13.95799","0.00946"
"77.40600","13.95847","0.00940"
"77.41200","13.95900","0.00933"
"77.41800","13.95948","0.00933"
"77.42400","13.95996","0.00941"
"77.43000","13.96050","0.00951"
"77.43600","13.96098","0.00971"
"77.44200","13.96145","0.00987"
"77.44800","13.96193","0.00994"
"77.45400","13.96241","0.00997"
"77.46000","13.96295","0.00989"
"77.46600","13.96343","0.00984"
"77.47200","13.96397","0.00983"
"77.47800","13.96444","0.00985"
"77.48400","13.96498","0.00982"
"77.49000","13.96546","0.00976"
"77.49600","13.96594","0.00977"
"77.50200","13.96648","0.00988"
"77.50800","13.96696","0.00998"
"77.51400","13.96749","0.01005"
"77.52000","13.96797","0.01011"
"77.52600","13.96851","0.01006"
"77.53200","13.96899","0.00992"
"77.53800","13.96953","0.00976"
"77.54400","13.97000","0.00961"
"77.55000","13.97054","0.00954"
"77.55600","13.97102","0.00952"
"77.56200","13.97156","0.00944"
"77.56800","13.97204","0.00946"
"77.57400","13.97258","0.00952"
"77.58000","13.97305","0.00957"
"77.58600","13.97359","0.00956"
"77.59200","13.97407","0.00950"
"77.59800","13.97455","0.00939"
"77.60400","13.97503","0.00934"
"77.61000","13.97550","0.00933"
"77.61600","13.97598","0.00932"
"77.62200","13.97652","0.00929"
"77.62800","13.97700","0.00926"
"77.63400","13.97748","0.00931"
"77.64000","13.97796","0.00938"
"77.64600","13.97843","0.00943"
"77.65200","13.97897","0.00954"
"77.65800","13.97945","0.00963"
"77.66400","13.97993","0.00961"
"77.67000","13.98047","0.00952"
"77.67600","13.98094","0.00944"
"77.68200","13.98148","0.00945"
"77.68800","13.98196","0.00949"
"77.69400","13.98250","0.00942"
"77.70000","13.98298","0.00942"
"77.70600","13.98352","0.00945"
"77.71200","13.98399","0.00945"
"77.71800","13.98447","0.00947"
"77.72400","13.98495","0.00941"
"77.73000","13.98543","0.00926"
"77.73600","13.98597","0.00923"
"77.74200","13.98645","0.00920"
"77.74800","13.98692","0.00925"
"77.75400","13.98746","0.00942"
"77.76000","13.98794","0.00953"
"77.76600","13.98842","0.00965"
"77.77200","13.98896","0.00959"
"77.77800","13.98944","0.00946"
"77.78400","13.98991","0.00945"
"77.79000","13.99045","0.00947"
"77.79600","13.99093","0.00943"
"77.80200","13.99141","0.00944"
"77.80800","13.99195","0.00943"
"77.81400","13.99242","0.00940"
"77.82000","13.99296","0.00949"
"77.82600","13.99350","0.00955"
"77.83200","13.99398","0.00959"
"77.83800","13.99452","0.00957"
"77.84400","13.99500","0.00961"
"77.85000","13.99547","0.00971"
"77.85600","13.99601","0.00976"
"77.86200","13.99649","0.00976"
"77.86800","13.99697","0.00980"
"77.87400","13.99745","0.00978"
"77.88000","13.99793","0.00970"
"77.88600","13.99846","0.00969"
"77.89200","13.99894","0.00968"
"77.89800","13.99942","0.00968"
"77.90400","13.99996","0.00971"
"77.91000","14.00044","0.00973"
"77.91600","14.00092","0.00981"
"77.92200","14.00145","0.00986"
"77.92800","14.00193","0.00978"
"77.93400","14.00241","0.00971"
"77.94000","14.00289","0.00961"
"77.94600","14.00343","0.00948"
"77.95200","14.00391","0.00947"
"77.95800","14.00444","0.00947"
"77.96400","14.00492","0.00945"
"77.97000","14.00540","0.00947"
"77.97600","14.00594","0.00950"
"77.98200","14.00642","0.00953"
"77.98800","14.00695","0.00949"
"77.99400","14.00743","0.00937"
"78.00000","14.00791","0.00936"
"78.00600","14.00845","0.00944"
"78.01200","14.00893","0.00952"
"78.01800","14.00941","0.00969"
"78.02400","14.00994","0.00975"
"78.03000","14.01042","0.00970"
"78.03600","14.01096","0.00966"
"78.04200","14.01144","0.00961"
"78.04800","14.01198","0.00962"
"78.05400","14.01245","0.00963"
"78.06000","14.01293","0.00962"
"78.06600","14.01347","0.00971"
"78.07200","14.01395","0.00977"
"78.07800","14.01449","0.00979"
"78.08400","14.01497","0.00984"
"78.09000","14.01544","0.00988"
"78.09600","14.01598","0.00991"
"78.10200","14.01652","0.00994"
"78.10800","14.01700","0.00985"
"78.11400","14.01748","0.00978"
"78.12000","14.01802","0.00987"
"78.12600","14.01849","0.00993"
"78.13200","14.01903","0.00996"
"78.13800","14.01951","0.00986"
"78.14400","14.01999","0.00968"
"78.15000","14.02053","0.00959"
"78.15600","14.02100","0.00953"
"78.16200","14.02148","0.00944"
"78.16800","14.02196","0.00942"
"78.17400","14.02250","0.00942"
"78.18000","14.02298","0.00951"
"78.18600","14.02352","0.00965"
"78.19200","14.02399","0.00970"
"78.19800","14.02447","0.00974"
"78.20400","14.02501","0.00969"
"78.21000","14.02549","0.00958"
"78.21600","14.02603","0.00942"
"78.22200","14.02650","0.00938"
"78.22800","14.02698","0.00938"
"78.23400","14.02752","0.00942"
"78.24000","14.02800","0.00942"
"78.24600","14.02848","0.00934"
"78.25200","14.02896","0.00936"
"78.25800","14.02949","0.00944"
"78.26400","14.02997","0.00952"
"78.27000","14.03045","0.00959"
"78.27600","14.03093","0.00965"
"78.28200","14.03147","0.00969"
"78.28800","14.03195","0.00971"
"78.29400","14.03242","0.00980"
"78.30000","14.03296","0.00984"
"78.30600","14.03344","0.00979"
"78.31200","14.03398","0.00967"
"78.31800","14.03446","0.00965"
"78.32400","14.03494","0.00963"
"78.33000","14.03547","0.00965"
"78.33600","14.03595","0.00969"
"78.34200","14.03649","0.00978"
"78.34800","14.03697","0.00975"
"78.35400","14.03745","0.00965"
"78.36000","14.03798","0.00959"
"78.36600","14.03846","0.00961"
"78.37200","14.03894","0.00973"
"78.37800","14.03948","0.00978"
"78.38400","14.03996","0.00983"
"78.39000","14.04044","0.00978"
"78.39600","14.04097","0.00967"
"78.40200","14.04145","0.00969"
"78.40800","14.04193","0.00971"
"78.41400","14.04241","0.00967"
"78.42000","14.04295","0.00967"
"78.42600","14.04343","0.00966"
"78.43200","14.04391","0.00968"
"78.43800","14.04444","0.00965"
"78.44400","14.04492","0.00962"
"78.45000","14.04546","0.00965"
"78.45600","14.04594","0.00966"
"78.46200","14.04648","0.00960"
"78.46800","14.04695","0.00966"
"78.47400","14.04743","0.00967"
"78.48000","14.04797","0.00968"
"78.48600","14.04845","0.00973"
"78.49200","14.04893","0.00976"
"78.49800","14.04947","0.00981"
"78.50400","14.04994","0.00982"
"78.51000","14.05048","0.00976"
"78.51600","14.05096","0.00972"
"78.52200","14.05144","0.00981"
"78.52800","14.05198","0.00991"
"78.53400","14.05245","0.00993"
"78.54000","14.05293","0.00986"
"78.54600","14.05347","0.00976"
"78.55200","14.05395","0.00970"
"78.55800","14.05449","0.00970"
"78.56400","14.05497","0.00973"
"78.57000","14.05544","0.00978"
"78.57600","14.05592","0.00978"
"78.58200","14.05646","0.00984"
"78.58800","14.05694","0.00992"
"78.59400","14.05748","0.00987"
"78.60000","14.05795","0.00975"
"78.60600","14.05849","0.00968"
"78.61200","14.05897","0.00962"
"78.61800","14.05951","0.00961"
"78.62400","14.05999","0.00965"
"78.63000","14.06053","0.00971"
"78.63600","14.06100","0.00979"
"78.64200","14.06148","0.00982"
"78.64800","14.06202","0.00992"
"78.65400","14.06250","0.00997"
"78.66000","14.06304","0.00994"
"78.66600","14.06352","0.00986"
"78.67200","14.06399","0.00980"
"78.67800","14.06447","0.00978"
"78.68400","14.06501","0.00980"
"78.69000","14.06549","0.00983"
"78.69600","14.06597","0.00988"
"78.70200","14.06651","0.00992"
"78.70800","14.06698","0.00989"
"78.71400","14.06746","0.00980"
"78.72000","14.06800","0.00977"
"78.72600","14.06848","0.00979"
"78.73200","14.06896","0.00983"
"78.73800","14.06949","0.00983"
"78.74400","14.06997","0.00976"
"78.75000","14.07051","0.00976"
"78.75600","14.07099","0.00982"
"78.76200","14.07153","0.00983"
"78.76800","14.07200","0.00988"
"78.77400","14.07254","0.00988"
"78.78000","14.07302","0.00974"
"78.78600","14.07350","0.00963"
"78.79200","14.07404","0.00954"
"78.79800","14.07452","0.00947"
"78.80400","14.07499","0.00948"
"78.81000","14.07547","0.00948"
"78.81600","14.07595","0.00949"
"78.82200","14.07649","0.00951"
"78.82800","14.07697","0.00945"
"78.83400","14.07745","0.00940"
"78.84000","14.07798","0.00943"
"78.84600","14.07846","0.00942"
"78.85200","14.07894","0.00947"
"78.85800","14.07948","0.00957"
"78.86400","14.07996","0.00962"
"78.87000","14.08043","0.00960"
"78.87600","14.08097","0.00958"
"78.88200","14.08145","0.00965"
"78.88800","14.08193","0.00977"
"78.89400","14.08247","0.00985"
"78.90000","14.08295","0.00991"
"78.90600","14.08342","0.00995"
"78.91200","14.08396","0.00997"
"78.91800","14.08444","0.00999"
"78.92400","14.08492","0.00990"
"78.93000","14.08546","0.00975"
"78.93600","14.08594","0.00971"
"78.94200","14.08641","0.00968"
"78.94800","14.08695","0.00967"
"78.95400","14.08743","0.00962"
"78.96000","14.08791","0.00957"
"78.96600","14.08845","0.00965"
"78.97200","14.08893","0.00971"
"78.97800","14.08940","0.00970"
"78.98400","14.08994","0.00979"
"78.99000","14.09042","0.00984"
"78.99600","14.09090","0.00975"
"79.00200","14.09144","0.00968"
"79.00800","14.09192","0.00965"
"79.01400","14.09245","0.00956"
"79.02000","14.09293","0.00951"
"79.02600","14.09347","0.00942"
"79.03200","14.09395","0.00942"
"79.03800","14.09449","0.00947"
"79.04400","14.09496","0.00953"
"79.05000","14.09550","0.00962"
"79.05600","14.09598","0.00972"
"79.06200","14.09652","0.00985"
"79.06800","14.09700","0.00993"
"79.07400","14.09748","0.00989"
"79.08000","14.09801","0.00987"
"79.08600","14.09849","0.00984"
"79.09200","14.09897","0.00973"
"79.09800","14.09951","0.00969"
"79.10400","14.09999","0.00971"
"79.11000","14.10053","0.00973"
"79.11600","14.10100","0.00974"
"79.12200","14.10154","0.00981"
"79.12800","14.10202","0.00987"
"79.13400","14.10250","0.00982"
"79.14000","14.10304","0.00970"
"79.14600","14.10351","0.00968"
"79.15200","14.10399","0.00971"
"79.15800","14.10453","0.00975"
"79.16400","14.10501","0.00980"
"79.17000","14.10549","0.00980"
"79.17600","14.10603","0.00972"
"79.18200","14.10650","0.00970"
"79.18800","14.10704","0.00972"
"79.19400","14.10752","0.00972"
"79.20000","14.10800","0.00974"
"79.20600","14.10854","0.00970"
"79.21200","14.10902","0.00959"
"79.21800","14.10949","0.00951"
"79.22400","14.11003","0.00945"
"79.23000","14.11051","0.00938"
"79.23600","14.11099","0.00938"
"79.24200","14.11153","0.00943"
"79.24800","14.11201","0.00951"
"79.25400","14.11254","0.00961"
"79.26000","14.11302","0.00971"
"79.26600","14.11356","0.00984"
"79.27200","14.11404","0.00983"
"79.27800","14.11458","0.00976"
"79.28400","14.11505","0.00971"
"79.29000","14.11559","0.00969"
"79.29600","14.11607","0.00967"
"79.30200","14.11655","0.00973"
"79.30800","14.11709","0.00978"
"79.31400","14.11757","0.00973"
"79.32000","14.11804","0.00968"
"79.32600","14.11852","0.00966"
"79.33200","14.11906","0.00969"
"79.33800","14.11954","0.00976"
"79.34400","14.12002","0.00974"
"79.35000","14.12055","0.00977"
"79.35600","14.12103","0.00981"
"79.36200","14.12151","0.00977"
"79.36800","14.12199","0.00978"
"79.37400","14.12247","0.00984"
"79.38000","14.12300","0.00984"
"79.38600","14.12348","0.00988"
"79.39200","14.12396","0.00992"
"79.39800","14.12450","0.00991"
"79.40400","14.12504","0.00994"
"79.41000","14.12552","0.00993"
"79.41600","14.12605","0.00992"
"79.42200","14.12653","0.00989"
"79.42800","14.12701","0.00974"
"79.43400","14.12755","0.00964"
"79.44000","14.12803","0.00967"
"79.44600","14.12851","0.00964"
"79.45200","14.12898","0.00972"
"79.45800","14.12946","0.00974"
"79.46400","14.13000","0.00972"
"79.47000","14.13048","0.00975"
"79.47600","14.13096","0.00973"
"79.48200","14.13144","0.00979"
"79.48800","14.13197","0.00986"
"79.49400","14.13245","0.00977"
"79.50000","14.13293","0.00964"
"79.50600","14.13347","0.00961"
"79.51200","14.13395","0.00960"
"79.51800","14.13443","0.00972"
"79.52400","14.13496","0.00986"
"79.53000","14.13544","0.00987"
"79.53600","14.13592","0.00979"
"79.54200","14.13646","0.00971"
"79.54800","14.13694","0.00970"
"79.55400","14.13748","0.00980"
"79.56000","14.13795","0.00986"
"79.56600","14.13849","0.00990"
"79.57200","14.13897","0.00996"
"79.57800","14.13951","0.00993"
"79.58400","14.13999","0.00999"
"79.59000","14.14046","0.01012"
"79.59600","14.14100","0.01018"
"79.60200","14.14148","0.01018"
"79.60800","14.14196","0.01012"
"79.61400","14.14250","0.01005"
"79.62000","14.14297","0.00997"
"79.62600","14.14345","0.00992"
"79.63200","14.14399","0.00996"
"79.63800","14.14447","0.01000"
"79.64400","14.14501","0.00997"
"79.65000","14.14549","0.00994"
"79.65600","14.14596","0.00997"
"79.66200","14.14650","0.01003"
"79.66800","14.14698","0.01003"
"79.67400","14.14752","0.01001"
"79.68000","14.14800","0.00995"
"79.68600","14.14854","0.00989"
"79.69200","14.14901","0.00979"
"79.69800","14.14955","0.00967"
"79.70400","14.15003","0.00958"
"79.71000","14.15057","0.00951"
"79.71600","14.15105","0.00945"
"79.72200","14.15159","0.00935"
"79.72800","14.15206","0.00930"
"79.73400","14.15254","0.00928"
"79.74000","14.15302","0.00929"
"79.74600","14.15356","0.00931"
"79.75200","14.15404","0.00936"
"79.75800","14.15452","0.00948"
"79.76400","14.15499","0.00960"
"79.77000","14.15547","0.00967"
"79.77600","14.15601","0.00966"
"79.78200","14.15649","0.00966"
"79.78800","14.15697","0.00973"
"79.79400","14.15744","0.00970"
"79.80000","14.15798","0.00972"
"79.80600","14.15846","0.00981"
"79.81200","14.15900","0.00980"
"79.81800","14.15948","0.00967"
"79.82400","14.15996","0.00953"
"79.83000","14.16049","0.00943"
"79.83600","14.16103","0.00945"
"79.84200","14.16151","0.00955"
"79.84800","14.16199","0.00963"
"79.85400","14.16253","0.00973"
"79.86000","14.16300","0.00968"
"79.86600","14.16348","0.00969"
"79.87200","14.16402","0.00972"
"79.87800","14.16450","0.00978"
"79.88400","14.16498","0.00984"
"79.89000","14.16546","0.00983"
"79.89600","14.16593","0.00981"
"79.90200","14.16647","0.00992"
"79.90800","14.16695","0.01008"
"79.91400","14.16743","0.01017"
"79.92000","14.16797","0.01025"
"79.92600","14.16844","0.01024"
"79.93200","14.16892","0.01009"
"79.93800","14.16946","0.01008"
"79.94400","14.16994","0.01001"
"79.95000","14.17042","0.00996"
"79.95600","14.17096","0.00992"
"79.96200","14.17143","0.00975"
"79.96800","14.17197","0.00964"
"79.97400","14.17245","0.00958"
"79.98000","14.17299","0.00955"
"79.98600","14.17347","0.00950"
"79.99200","14.17401","0.00937"
"79.99800","14.17448","0.00930"
"80.00400","14.17496","0.00934"
"80.01000","14.17550","0.00942"
"80.01600","14.17598","0.00956"
"80.02200","14.17646","0.00979"
"80.02800","14.17694","0.00988"
"80.03400","14.17747","0.00996"
"80.04000","14.17795","0.00999"
"80.04600","14.17843","0.00993"
"80.05200","14.17891","0.00987"
"80.05800","14.17945","0.00987"
"80.06400","14.17992","0.00990"
"80.07000","14.18040","0.01000"
"80.07600","14.18088","0.01007"
"80.08200","14.18142","0.01011"
"80.08800","14.18190","0.01021"
"80.09400","14.18238","0.01022"
"80.10000","14.18291","0.01025"
"80.10600","14.18339","0.01025"
"80.11200","14.18393","0.01012"
"80.11800","14.18441","0.01002"
"80.12400","14.18495","0.00995"
"80.13000","14.18549","0.00984"
"80.13600","14.18596","0.00967"
"80.14200","14.18650","0.00947"
"80.14800","14.18698","0.00931"
"80.15400","14.18752","0.00935"
"80.16000","14.18800","0.00938"
"80.16600","14.18848","0.00942"
"80.17200","14.18901","0.00956"
"80.17800","14.18949","0.00963"
"80.18400","14.18997","0.00963"
"80.19000","14.19045","0.00964"
"80.19600","14.19099","0.00972"
"80.20200","14.19146","0.00980"
"80.20800","14.19194","0.00979"
"80.21400","14.19248","0.00977"
"80.22000","14.19296","0.00976"
"80.22600","14.19350","0.00969"
"80.23200","14.19398","0.00973"
"80.23800","14.19445","0.00983"
"80.24400","14.19499","0.00989"
"80.25000","14.19553","0.00989"
"80.25600","14.19601","0.00986"
"80.26200","14.19655","0.00982"
"80.26800","14.19703","0.00976"
"80.27400","14.19756","0.00959"
"80.28000","14.19804","0.00941"
"80.28600","14.19858","0.00933"
"80.29200","14.19906","0.00923"
"80.29800","14.19954","0.00933"
"80.30400","14.20002","0.00949"
"80.31000","14.20055","0.00963"
"80.31600","14.20103","0.00974"
"80.32200","14.20151","0.00977"
"80.32800","14.20199","0.00970"
"80.33400","14.20247","0.00967"
"80.34000","14.20300","0.00968"
"80.34600","14.20348","0.00974"
"80.35200","14.20396","0.00984"
"80.35800","14.20450","0.00978"
"80.36400","14.20498","0.00972"
"80.37000","14.20545","0.00970"
"80.37600","14.20599","0.00964"
"80.38200","14.20647","0.00966"
"80.38800","14.20701","0.00974"
"80.39400","14.20749","0.00977"
"80.40000","14.20802","0.00977"
"80.40600","14.20850","0.00981"
"80.41200","14.20904","0.00979"
"80.41800","14.20958","0.00980"
"80.42400","14.21006","0.00976"
"80.43000","14.21054","0.00970"
"80.43600","14.21108","0.00960"
"80.44200","14.21155","0.00946"
"80.44800","14.21203","0.00942"
"80.45400","14.21257","0.00951"
"80.46000","14.21305","0.00968"
"80.46600","14.21353","0.00981"
"80.47200","14.21400","0.00989"
"80.47800","14.21454","0.00985"
"80.48400","14.21502","0.00987"
"80.49000","14.21550","0.00987"
"80.49600","14.21598","0.00981"
"80.50200","14.21646","0.00985"
"80.50800","14.21699","0.00982"
"80.51400","14.21747","0.00978"
"80.52000","14.21795","0.00978"
"80.52600","14.21843","0.00978"
"80.53200","14.21897","0.00980"
"80.53800","14.21945","0.00981"
"80.54400","14.21992","0.00976"
"80.55000","14.22046","0.00975"
"80.55600","14.22094","0.00979"
"80.56200","14.22148","0.00969"
"80.56800","14.22196","0.00972"
"80.57400","14.22250","0.00974"
"80.58000","14.22297","0.00982"
"80.58600","14.22345","0.00992"
"80.59200","14.22399","0.00991"
"80.59800","14.22447","0.00982"
"80.60400","14.22495","0.00976"
"80.61000","14.22542","0.00968"
"80.61600","14.22590","0.00967"
"80.62200","14.22644","0.00974"
"80.62800","14.22692","0.00975"
"80.63400","14.22740","0.00973"
"80.64000","14.22788","0.00977"
"80.64600","14.22841","0.00978"
"80.65200","14.22889","0.00983"
"80.65800","14.22943","0.00989"
"80.66400","14.22991","0.00988"
"80.67000","14.23045","0.00988"
"80.67600","14.23093","0.00979"
"80.68200","14.23146","0.00971"
"80.68800","14.23200","0.00971"
"80.69400","14.23248","0.00968"
"80.70000","14.23302","0.00965"
"80.70600","14.23350","0.00968"
"80.71200","14.23404","0.00961"
"80.71800","14.23451","0.00955"
"80.72400","14.23505","0.00953"
"80.73000","14.23553","0.00954"
"80.73600","14.23601","0.00950"
"80.74200","14.23649","0.00943"
"80.74800","14.23703","0.00945"
"80.75400","14.23750","0.00954"
"80.76000","14.23798","0.00954"
"80.76600","14.23852","0.00961"
"80.77200","14.23900","0.00969"
"80.77800","14.23954","0.00967"
"80.78400","14.24001","0.00968"
"80.79000","14.24049","0.00973"
"80.79600","14.24103","0.00977"
"80.80200","14.24151","0.00984"
"80.80800","14.24205","0.00982"
"80.81400","14.24253","0.00982"
"80.82000","14.24300","0.00983"
"80.82600","14.24354","0.00974"
"80.83200","14.24402","0.00968"
"80.83800","14.24456","0.00968"
"80.84400","14.24504","0.00966"
"80.85000","14.24557","0.00963"
"80.85600","14.24605","0.00963"
"80.86200","14.24653","0.00971"
"80.86800","14.24707","0.00983"
"80.87400","14.24755","0.00988"
"80.88000","14.24809","0.00990"
"80.88600","14.24856","0.00988"
"80.89200","14.24904","0.00992"
"80.89800","14.24952","0.00994"
"80.90400","14.25006","0.01000"
"80.91000","14.25054","0.00994"
"80.91600","14.25101","0.00990"
"80.92200","14.25149","0.00992"
"80.92800","14.25203","0.00983"
"80.93400","14.25251","0.00976"
"80.94000","14.25299","0.00971"
"80.94600","14.25353","0.00964"
"80.95200","14.25400","0.00965"
"80.95800","14.25448","0.00964"
"80.96400","14.25496","0.00958"
"80.97000","14.25550","0.00955"
"80.97600","14.25598","0.00961"
"80.98200","14.25651","0.00969"
"80.98800","14.25699","0.00978"
"80.99400","14.25753","0.00978"
"81.00000","14.25801","0.00981"
"81.00600","14.25855","0.00979"
"81.01200","14.25903","0.00973"
"81.01800","14.25950","0.00980"
"81.02400","14.26004","0.00990"
"81.03000","14.26052","0.00998"
"81.03600","14.26100","0.00994"
"81.04200","14.26148","0.00980"
"81.04800","14.26202","0.00974"
"81.05400","14.26249","0.00962"
"81.06000","14.26297","0.00958"
"81.06600","14.26345","0.00960"
"81.07200","14.26399","0.00963"
"81.07800","14.26447","0.00965"
"81.08400","14.26495","0.00971"
"81.09000","14.26548","0.00978"
"81.09600","14.26596","0.00985"
"81.10200","14.26644","0.00993"
"81.10800","14.26698","0.00994"
"81.11400","14.26746","0.00993"
"81.12000","14.26794","0.00999"
"81.12600","14.26847","0.01006"
"81.13200","14.26895","0.01009"
"81.13800","14.26949","0.01009"
"81.14400","14.26997","0.00999"
"81.15000","14.27051","0.00990"
"81.15600","14.27099","0.00995"
"81.16200","14.27146","0.00997"
"81.16800","14.27200","0.00998"
"81.17400","14.27248","0.00998"
"81.18000","14.27296","0.00997"
"81.18600","14.27344","0.01001"
"81.19200","14.27397","0.00999"
"81.19800","14.27445","0.01005"
"81.20400","14.27493","0.01016"
"81.21000","14.27547","0.01021"
"81.21600","14.27595","0.01021"
"81.22200","14.27643","0.01017"
"81.22800","14.27696","0.01006"
"81.23400","14.27744","0.01000"
"81.24000","14.27798","0.00995"
"81.24600","14.27846","0.00987"
"81.25200","14.27894","0.00972"
"81.25800","14.27948","0.00961"
"81.26400","14.27995","0.00963"
"81.27000","14.28049","0.00972"
"81.27600","14.28097","0.00964"
"81.28200","14.28151","0.00965"
"81.28800","14.28199","0.00968"
"81.29400","14.28252","0.00964"
"81.30000","14.28300","0.00960"
"81.30600","14.28354","0.00962"
"81.31200","14.28402","0.00964"
"81.31800","14.28450","0.00975"
"81.32400","14.28504","0.00982"
"81.33000","14.28551","0.00985"
"81.33600","14.28605","0.00997"
"81.34200","14.28653","0.01003"
"81.34800","14.28701","0.01006"
"81.35400","14.28749","0.01006"
"81.36000","14.28802","0.01000"
"81.36600","14.28850","0.00989"
"81.37200","14.28898","0.00986"
"81.37800","14.28946","0.00983"
"81.38400","14.28994","0.00979"
"81.39000","14.29047","0.00970"
"81.39600","14.29095","0.00962"
"81.40200","14.29149","0.00962"
"81.40800","14.29197","0.00968"
"81.41400","14.29251","0.00972"
"81.42000","14.29299","0.00982"
"81.42600","14.29352","0.00984"
"81.43200","14.29400","0.00973"
"81.43800","14.29454","0.00968"
"81.44400","14.29502","0.00964"
"81.45000","14.29550","0.00964"
"81.45600","14.29604","0.00967"
"81.46200","14.29651","0.00964"
"81.46800","14.29699","0.00955"
"81.47400","14.29753","0.00940"
"81.48000","14.29801","0.00934"
"81.48600","14.29849","0.00939"
"81.49200","14.29897","0.00947"
"81.49800","14.29950","0.00955"
"81.50400","14.29998","0.00954"
"81.51000","14.30046","0.00956"
"81.51600","14.30100","0.00959"
"81.52200","14.30148","0.00963"
"81.52800","14.30196","0.00970"
"81.53400","14.30243","0.00980"
"81.54000","14.30297","0.00978"
"81.54600","14.30345","0.00966"
"81.55200","14.30399","0.00954"
"81.55800","14.30447","0.00947"
"81.56400","14.30500","0.00954"
"81.57000","14.30548","0.00963"
"81.57600","14.30602","0.00965"
"81.58200","14.30650","0.00969"
"81.58800","14.30704","0.00979"
"81.59400","14.30752","0.00979"
"81.60000","14.30799","0.00981"
"81.60600","14.30847","0.00995"
"81.61200","14.30901","0.01006"
"81.61800","14.30949","0.01013"
"81.62400","14.30997","0.01018"
"81.63000","14.31045","0.01023"
"81.63600","14.31098","0.01021"
"81.64200","14.31146","0.01010"
"81.64800","14.31194","0.01004"
"81.65400","14.31248","0.01004"
"81.66000","14.31296","0.01003"
"81.66600","14.31344","0.01007"
"81.67200","14.31397","0.01011"
"81.67800","14.31445","0.01003"
"81.68400","14.31493","0.00999"
"81.69000","14.31547","0.00997"
"81.69600","14.31595","0.00996"
"81.70200","14.31649","0.00997"
"81.70800","14.31696","0.00994"
"81.71400","14.31750","0.00983"
"81.72000","14.31798","0.00975"
"81.72600","14.31852","0.00966"
"81.73200","14.31900","0.00962"
"81.73800","14.31948","0.00969"
"81.74400","14.32001","0.00965"
"81.75000","14.32049","0.00955"
"81.75600","14.32097","0.00953"
"81.76200","14.32151","0.00956"
"81.76800","14.32199","0.00964"
"81.77400","14.32246","0.00978"
"81.78000","14.32300","0.00986"
"81.78600","14.32348","0.00994"
"81.79200","14.32396","0.00994"
"81.79800","14.32444","0.00991"
"81.80400","14.32498","0.01003"
"81.81000","14.32545","0.01011"
"81.81600","14.32593","0.01009"
"81.82200","14.32647","0.01008"
"81.82800","14.32695","0.01010"
"81.83400","14.32749","0.01008"
"81.84000","14.32796","0.01004"
"81.84600","14.32850","0.01005"
"81.85200","14.32898","0.01009"
"81.85800","14.32952","0.01005"
"81.86400","14.33000","0.00997"
"81.87000","14.33047","0.01001"
"81.87600","14.33101","0.01002"
"81.88200","14.33149","0.01000"
"81.88800","14.33203","0.01000"
"81.89400","14.33251","0.00995"
"81.90000","14.33299","0.00987"
"81.90600","14.33346","0.00978"
"81.91200","14.33400","0.00973"
"81.91800","14.33448","0.00984"
"81.92400","14.33496","0.00995"
"81.93000","14.33550","0.01002"
"81.93600","14.33597","0.01010"
"81.94200","14.33645","0.01012"
"81.94800","14.33699","0.01014"
"81.95400","14.33747","0.01023"
"81.96000","14.33801","0.01025"
"81.96600","14.33849","0.01028"
"81.97200","14.33902","0.01029"
"81.97800","14.33950","0.01025"
"81.98400","14.33998","0.01022"
"81.99000","14.34052","0.01015"
"81.99600","14.34100","0.01004"
"82.00200","14.34154","0.00998"
"82.00800","14.34201","0.00999"
"82.01400","14.34249","0.01003"
"82.02000","14.34303","0.01002"
"82.02600","14.34351","0.00991"
"82.03200","14.34399","0.00987"
"82.03800","14.34453","0.00992"
"82.04400","14.34500","0.00995"
"82.05000","14.34548","0.00998"
"82.05600","14.34602","0.01003"
"82.06200","14.34650","0.01006"
"82.06800","14.34698","0.01009"
"82.07400","14.34745","0.01001"
"82.08000","14.34799","0.00993"
"82.08600","14.34847","0.00993"
"82.09200","14.34895","0.00992"
"82.09800","14.34949","0.00992"
"82.10400","14.34997","0.00986"
"82.11000","14.35044","0.00978"
"82.11600","14.35098","0.00981"
"82.12200","14.35146","0.00991"
"82.12800","14.35194","0.01000"
"82.13400","14.35248","0.01000"
"82.14000","14.35296","0.00996"
"82.14600","14.35343","0.00992"
"82.15200","14.35397","0.00988"
"82.15800","14.35445","0.00986"
"82.16400","14.35493","0.00988"
"82.17000","14.35547","0.00991"
"82.17600","14.35595","0.00994"
"82.18200","14.35642","0.00996"
"82.18800","14.35696","0.00997"
"82.19400","14.35744","0.01006"
"82.20000","14.35792","0.01020"
"82.20600","14.35846","0.01028"
"82.21200","14.35894","0.01024"
"82.21800","14.35941","0.01016"
"82.22400","14.35989","0.00999"
"82.23000","14.36043","0.00979"
"82.23600","14.36091","0.00978"
"82.24200","14.36139","0.00976"
"82.24800","14.36192","0.00967"
"82.25400","14.36240","0.00974"
"82.26000","14.36294","0.00976"
"82.26600","14.36342","0.00981"
"82.27200","14.36390","0.00983"
"82.27800","14.36444","0.00977"
"82.28400","14.36497","0.00972"
"82.29000","14.36545","0.00965"
"82.29600","14.36599","0.00958"
"82.30200","14.36647","0.00952"
"82.30800","14.36695","0.00947"
"82.31400","14.36749","0.00939"
"82.32000","14.36796","0.00941"
"82.32600","14.36844","0.00944"
"82.33200","14.36898","0.00945"
"82.33800","14.36946","0.00952"
"82.34400","14.37000","0.00956"
"82.35000","14.37047","0.00956"
"82.35600","14.37101","0.00959"
"82.36200","14.37149","0.00958"
"82.36800","14.37203","0.00956"
"82.37400","14.37251","0.00959"
"82.38000","14.37298","0.00972"
"82.38600","14.37352","0.00993"
"82.39200","14.37400","0.01012"
"82.39800","14.37448","0.01017"
"82.40400","14.37502","0.01022"
"82.41000","14.37550","0.01026"
"82.41600","14.37597","0.01024"
"82.42200","14.37651","0.01024"
"82.42800","14.37699","0.01015"
"82.43400","14.37753","0.01008"
"82.44000","14.37801","0.00997"
"82.44600","14.37849","0.00996"
"82.45200","14.37902","0.01008"
"82.45800","14.37950","0.01007"
"82.46400","14.37998","0.01000"
"82.47000","14.38046","0.00996"
"82.47600","14.38100","0.00989"
"82.48200","14.38147","0.00988"
"82.48800","14.38201","0.00991"
"82.49400","14.38249","0.00984"
"82.50000","14.38303","0.00980"
"82.50600","14.38351","0.00984"
"82.51200","14.38399","0.00988"
"82.51800","14.38453","0.01004"
"82.52400","14.38500","0.01017"
"82.53000","14.38548","0.01015"
"82.53600","14.38602","0.01016"
"82.54200","14.38650","0.01015"
"82.54800","14.38704","0.01010"
"82.55400","14.38751","0.01005"
"82.56000","14.38799","0.01000"
"82.56600","14.38853","0.00991"
"82.57200","14.38901","0.00982"
"82.57800","14.38955","0.00977"
"82.58400","14.39003","0.00971"
"82.59000","14.39050","0.00970"
"82.59600","14.39104","0.00977"
"82.60200","14.39152","0.00990"
"82.60800","14.39200","0.00998"
"82.61400","14.39254","0.00990"
"82.62000","14.39301","0.00982"
"82.62600","14.39349","0.00982"
"82.63200","14.39403","0.00983"
"82.63800","14.39451","0.00985"
"82.64400","14.39499","0.00988"
"82.65000","14.39547","0.00985"
"82.65600","14.39600","0.00987"
"82.66200","14.39648","0.00987"
"82.66800","14.39696","0.00994"
"82.67400","14.39750","0.00997"
"82.68000","14.39798","0.00992"
"82.68600","14.39846","0.00991"
"82.69200","14.39899","0.00984"
"82.69800","14.39947","0.00977"
"82.70400","14.39995","0.00974"
"82.71000","14.40049","0.00965"
"82.71600","14.40097","0.00960"
"82.72200","14.40151","0.00964"
"82.72800","14.40198","0.00972"
"82.73400","14.40246","0.00979"
"82.74000","14.40300","0.00988"
"82.74600","14.40348","0.00980"
"82.75200","14.40396","0.00970"
"82.75800","14.40450","0.00960"
"82.76400","14.40497","0.00954"
"82.77000","14.40545","0.00957"
"82.77600","14.40599","0.00956"
"82.78200","14.40647","0.00949"
"82.78800","14.40695","0.00950"
"82.79400","14.40749","0.00947"
"82.80000","14.40796","0.00950"
"82.80600","14.40844","0.00962"
"82.81200","14.40898","0.00968"
"82.81800","14.40946","0.00971"
"82.82400","14.41000","0.00975"
"82.83000","14.41047","0.00981"
"82.83600","14.41095","0.00986"
"82.84200","14.41149","0.00990"
"82.84800","14.41197","0.00996"
"82.85400","14.41251","0.00997"
"82.86000","14.41298","0.00991"
"82.86600","14.41352","0.00986"
"82.87200","14.41400","0.00976"
"82.87800","14.41448","0.00967"
"82.88400","14.41502","0.00965"
"82.89000","14.41549","0.00961"
"82.89600","14.41597","0.00960"
"82.90200","14.41651","0.00966"
"82.90800","14.41699","0.00973"
"82.91400","14.41753","0.00976"
"82.92000","14.41801","0.00981"
"82.92600","14.41848","0.00985"
"82.93200","14.41902","0.00990"
"82.93800","14.41950","0.00989"
"82.94400","14.41998","0.00979"
"82.95000","14.42046","0.00971"
"82.95600","14.42100","0.00967"
"82.96200","14.42147","0.00961"
"82.96800","14.42201","0.00964"
"82.97400","14.42249","0.00965"
"82.98000","14.42303","0.00961"
"82.98600","14.42351","0.00975"
"82.99200","14.42399","0.00994"
"82.99800","14.42452","0.01005"
"83.00400","14.42500","0.01008"
"83.01000","14.42554","0.01003"
"83.01600","14.42602","0.00992"
"83.02200","14.42650","0.00985"
"83.02800","14.42704","0.00980"
"83.03400","14.42751","0.00989"
"83.04000","14.42799","0.00994"
"83.04600","14.42853","0.00983"
"83.05200","14.42901","0.00976"
"83.05800","14.42949","0.00975"
"83.06400","14.43003","0.00972"
"83.07000","14.43050","0.00969"
"83.07600","14.43098","0.00961"
"83.08200","14.43152","0.00952"
"83.08800","14.43200","0.00944"
"83.09400","14.43248","0.00945"
"83.10000","14.43295","0.00952"
"83.10600","14.43349","0.00962"
"83.11200","14.43397","0.00965"
"83.11800","14.43445","0.00969"
"83.12400","14.43499","0.00977"
"83.13000","14.43553","0.00984"
"83.13600","14.43600","0.01004"
"83.14200","14.43648","0.01019"
"83.14800","14.43702","0.01016"
"83.15400","14.43750","0.01006"
"83.16000","14.43804","0.00995"
"83.16600","14.43852","0.00988"
"83.17200","14.43899","0.00984"
"83.17800","14.43953","0.00977"
"83.18400","14.44001","0.00965"
"83.19000","14.44049","0.00958"
"83.19600","14.44097","0.00953"
"83.20200","14.44145","0.00958"
"83.20800","14.44192","0.00958"
"83.21400","14.44246","0.00951"
"83.22000","14.44294","0.00948"
"83.22600","14.44342","0.00949"
"83.23200","14.44396","0.00955"
"83.23800","14.44443","0.00969"
"83.24400","14.44491","0.00975"
"83.25000","14.44545","0.00975"
"83.25600","14.44593","0.00979"
"83.26200","14.44647","0.00976"
"83.26800","14.44695","0.00979"
"83.27400","14.44748","0.00984"
"83.28000","14.44796","0.00990"
"83.28600","14.44850","0.00999"
"83.29200","14.44898","0.01007"
"83.29800","14.44946","0.01008"
"83.30400","14.45000","0.01005"
"83.31000","14.45047","0.01003"
"83.31600","14.45095","0.01000"
"83.32200","14.45149","0.01005"
"83.32800","14.45197","0.00997"
"83.33400","14.45245","0.00986"
"83.34000","14.45292","0.00983"
"83.34600","14.45340","0.00990"
"83.35200","14.45394","0.00999"
"83.35800","14.45442","0.01003"
"83.36400","14.45490","0.00995"
"83.37000","14.45543","0.00989"
"83.37600","14.45591","0.00982"
"83.38200","14.45645","0.00979"
"83.38800","14.45693","0.00980"
"83.39400","14.45747","0.00979"
"83.40000","14.45795","0.00982"
"83.40600","14.45842","0.00988"
"83.41200","14.45896","0.00987"
"83.41800","14.45944","0.00990"
"83.42400","14.45998","0.00992"
"83.43000","14.46052","0.00998"
"83.43600","14.46099","0.01004"
"83.44200","14.46153","0.01007"
"83.44800","14.46201","0.00999"
"83.45400","14.46249","0.00997"
"83.46000","14.46303","0.00998"
"83.46600","14.46351","0.00997"
"83.47200","14.46398","0.00995"
"83.47800","14.46446","0.00984"
"83.48400","14.46500","0.00978"
"83.49000","14.46548","0.00975"
"83.49600","14.46602","0.00975"
"83.50200","14.46650","0.00986"
"83.50800","14.46697","0.00982"
"83.51400","14.46751","0.00965"
"83.52000","14.46799","0.00959"
"83.52600","14.46847","0.00961"
"83.53200","14.46901","0.00967"
"83.53800","14.46949","0.00968"
"83.54400","14.46996","0.00973"
"83.55000","14.47050","0.00974"
"83.55600","14.47098","0.00982"
"83.56200","14.47152","0.00994"
"83.56800","14.47200","0.01013"
"83.57400","14.47254","0.01024"
"83.58000","14.47301","0.01008"
"83.58600","14.47355","0.00994"
"83.59200","14.47403","0.00992"
"83.59800","14.47457","0.00989"
"83.60400","14.47505","0.00986"
"83.61000","14.47552","0.00983"
"83.61600","14.47600","0.00981"
"83.62200","14.47654","0.00977"
"83.62800","14.47702","0.00974"
"83.63400","14.47750","0.00987"
"83.64000","14.47803","0.00996"
"83.64600","14.47851","0.00995"
"83.65200","14.47899","0.00996"
"83.65800","14.47953","0.01002"
"83.66400","14.48001","0.01009"
"83.67000","14.48049","0.01015"
"83.67600","14.48102","0.01020"
"83.68200","14.48150","0.01019"
"83.68800","14.48198","0.01006"
"83.69400","14.48252","0.00987"
"83.70000","14.48300","0.00984"
"83.70600","14.48348","0.00987"
"83.71200","14.48401","0.00990"
"83.71800","14.48449","0.01001"
"83.72400","14.48503","0.01007"
"83.73000","14.48551","0.01001"
"83.73600","14.48599","0.01001"
"83.74200","14.48653","0.01000"
"83.74800","14.48700","0.00996"
"83.75400","14.48748","0.00991"
"83.76000","14.48796","0.00977"
"83.76600","14.48844","0.00974"
"83.77200","14.48898","0.00974"
"83.77800","14.48946","0.00970"
"83.78400","14.48993","0.00963"
"83.79000","14.49047","0.00959"
"83.79600","14.49095","0.00951"
"83.80200","14.49149","0.00949"
"83.80800","14.49197","0.00961"
"83.81400","14.49245","0.00980"
"83.82000","14.49298","0.01001"
"83.82600","14.49346","0.01011"
"83.83200","14.49394","0.01016"
"83.83800","14.49442","0.01020"
"83.84400","14.49496","0.01016"
"83.85000","14.49543","0.01007"
"83.85600","14.49591","0.00995"
"83.86200","14.49645","0.00984"
"83.86800","14.49693","0.00979"
"83.87400","14.49747","0.00973"
"83.88000","14.49794","0.00965"
"83.88600","14.49848","0.00960"
"83.89200","14.49896","0.00961"
"83.89800","14.49950","0.00956"
"83.90400","14.49998","0.00956"
"83.91000","14.50046","0.00954"
"83.91600","14.50100","0.00955"
"83.92200","14.50147","0.00965"
"83.92800","14.50195","0.00974"
"83.93400","14.50249","0.00979"
"83.94000","14.50297","0.00973"
"83.94600","14.50351","0.00960"
"83.95200","14.50398","0.00954"
"83.95800","14.50446","0.00955"
"83.96400","14.50500","0.00955"
"83.97000","14.50548","0.00958"
"83.97600","14.50602","0.00959"
"83.98200","14.50650","0.00953"
"83.98800","14.50697","0.00950"
"83.99400","14.50751","0.00956"
"84.00000","14.50799","0.00971"
"84.00600","14.50847","0.00987"
"84.01200","14.50901","0.00988"
"84.01800","14.50948","0.00987"
"84.02400","14.51002","0.00988"
"84.03000","14.51050","0.00986"
"84.03600","14.51098","0.00991"
"84.04200","14.51152","0.00991"
"84.04800","14.51200","0.00986"
"84.05400","14.51247","0.00979"
"84.06000","14.51295","0.00976"
"84.06600","14.51349","0.00977"
"84.07200","14.51397","0.00974"
"84.07800","14.51451","0.00964"
"84.08400","14.51499","0.00965"
"84.09000","14.51546","0.00969"
"84.09600","14.51600","0.00974"
"84.10200","14.51648","0.00986"
"84.10800","14.51696","0.00995"
"84.11400","14.51750","0.00989"
"84.12000","14.51798","0.00988"
"84.12600","14.51845","0.00987"
"84.13200","14.51899","0.00997"
"84.13800","14.51947","0.01010"
"84.14400","14.52001","0.01016"
"84.15000","14.52055","0.01026"
"84.15600","14.52102","0.01025"
"84.16200","14.52150","0.01009"
"84.16800","14.52204","0.01004"
"84.17400","14.52252","0.01016"
"84.18000","14.52300","0.01023"
"84.18600","14.52348","0.01022"
"84.19200","14.52401","0.01020"
"84.19800","14.52449","0.01010"
"84.20400","14.52497","0.01005"
"84.21000","14.52551","0.01006"
"84.21600","14.52599","0.01001"
"84.22200","14.52647","0.00991"
"84.22800","14.52700","0.00977"
"84.23400","14.52748","0.00973"
"84.24000","14.52796","0.00975"
"84.24600","14.52844","0.00980"
"84.25200","14.52898","0.00979"
"84.25800","14.52946","0.00975"
"84.26400","14.52993","0.00972"
"84.27000","14.53047","0.00978"
"84.27600","14.53095","0.00991"
"84.28200","14.53149","0.01008"
"84.28800","14.53197","0.01020"
"84.29400","14.53251","0.01016"
"84.30000","14.53298","0.01003"
"84.30600","14.53346","0.00998"
"84.31200","14.53400","0.01000"
"84.31800","14.53448","0.01006"
"84.32400","14.53496","0.01007"
"84.33000","14.53543","0.01005"
"84.33600","14.53591","0.01004"
"84.34200","14.53639","0.01006"
"84.34800","14.53693","0.01016"
"84.35400","14.53741","0.01023"
"84.36000","14.53788","0.01025"
"84.36600","14.53836","0.01025"
"84.37200","14.53890","0.01018"
"84.37800","14.53938","0.01003"
"84.38400","14.53986","0.00988"
"84.39000","14.54040","0.00987"
"84.39600","14.54087","0.00980"
"84.40200","14.54135","0.00977"
"84.40800","14.54189","0.00976"
"84.41400","14.54237","0.00975"
"84.42000","14.54291","0.00984"
"84.42600","14.54344","0.00982"
"84.43200","14.54392","0.00983"
"84.43800","14.54446","0.00986"
"84.44400","14.54500","0.00988"
"84.45000","14.54548","0.00997"
"84.45600","14.54602","0.01010"
"84.46200","14.54649","0.01016"
"84.46800","14.54703","0.01020"
"84.47400","14.54751","0.01023"
"84.48000","14.54799","0.01020"
"84.48600","14.54847","0.01014"
"84.49200","14.54901","0.01011"
"84.49800","14.54948","0.01011"
"84.50400","14.54996","0.01016"
"84.51000","14.55050","0.01023"
"84.51600","14.55098","0.01032"
"84.52200","14.55152","0.01047"
"84.52800","14.55200","0.01045"
"84.53400","14.55253","0.01038"
"84.54000","14.55301","0.01026"
"84.54600","14.55349","0.01020"
"84.55200","14.55403","0.01025"
"84.55800","14.55451","0.01030"
"84.56400","14.55504","0.01030"
"84.57000","14.55558","0.01025"
"84.57600","14.55606","0.01014"
"84.58200","14.55660","0.01006"
"84.58800","14.55708","0.01006"
"84.59400","14.55756","0.00998"
"84.60000","14.55809","0.00991"
"84.60600","14.55857","0.00987"
"84.61200","14.55905","0.00981"
"84.61800","14.55953","0.00979"
"84.62400","14.56001","0.00980"
"84.63000","14.56054","0.00974"
"84.63600","14.56102","0.00962"
"84.64200","14.56150","0.00951"
"84.64800","14.56198","0.00944"
"84.65400","14.56252","0.00946"
"84.66000","14.56300","0.00949"
"84.66600","14.56347","0.00960"
"84.67200","14.56395","0.00986"
"84.67800","14.56449","0.00990"
"84.68400","14.56497","0.00985"
"84.69000","14.56551","0.00979"
"84.69600","14.56599","0.00974"
"84.70200","14.56646","0.00978"
"84.70800","14.56700","0.00986"
"84.71400","14.56754","0.00987"
"84.72000","14.56802","0.00988"
"84.72600","14.56856","0.00986"
"84.73200","14.56903","0.00979"
"84.73800","14.56957","0.00980"
"84.74400","14.57005","0.00977"
"84.75000","14.57053","0.00987"
"84.75600","14.57101","0.01000"
"84.76200","14.57155","0.00998"
"84.76800","14.57202","0.00999"
"84.77400","14.57250","0.01000"
"84.78000","14.57298","0.01001"
"84.78600","14.57352","0.01007"
"84.79200","14.57400","0.01014"
"84.79800","14.57448","0.01016"
"84.80400","14.57495","0.01017"
"84.81000","14.57549","0.01019"
"84.81600","14.57597","0.01027"
"84.82200","14.57645","0.01032"
"84.82800","14.57699","0.01029"
"84.83400","14.57747","0.01028"
"84.84000","14.57800","0.01026"
"84.84600","14.57848","0.01013"
"84.85200","14.57902","0.01006"
"84.85800","14.57950","0.01005"
"84.86400","14.58004","0.01000"
"84.87000","14.58051","0.00994"
"84.87600","14.58099","0.00991"
"84.88200","14.58147","0.00998"
"84.88800","14.58201","0.01006"
"84.89400","14.58249","0.01009"
"84.90000","14.58297","0.01013"
"84.90600","14.58350","0.01018"
"84.91200","14.58398","0.01012"
"84.91800","14.58446","0.01008"
"84.92400","14.58494","0.01007"
"84.93000","14.58548","0.01003"
"84.93600","14.58595","0.00998"
"84.94200","14.58643","0.00987"
"84.94800","14.58691","0.00979"
"84.95400","14.58745","0.00987"
"84.96000","14.58793","0.01006"
"84.96600","14.58841","0.01020"
"84.97200","14.58894","0.01029"
"84.97800","14.58942","0.01024"
"84.98400","14.58996","0.01004"
"84.99000","14.59050","0.00998"
"84.99600","14.59098","0.00997"
"85.00200","14.59152","0.00994"
"85.00800","14.59199","0.00997"
"85.01400","14.59247","0.01002"
"85.02000","14.59301","0.01000"
"85.02600","14.59349","0.00997"
"85.03200","14.59397","0.00993"
"85.03800","14.59445","0.00995"
"85.04400","14.59498","0.00992"
"85.05000","14.59546","0.00991"
"85.05600","14.59594","0.00993"
"85.06200","14.59648","0.00989"
"85.06800","14.59696","0.00994"
"85.07400","14.59750","0.01000"
"85.08000","14.59797","0.01001"
"85.08600","14.59845","0.01006"
"85.09200","14.59899","0.01001"
"85.09800","14.59947","0.00993"
"85.10400","14.59995","0.00991"
"85.11000","14.60048","0.00988"
"85.11600","14.60096","0.00986"
"85.12200","14.60150","0.00990"
"85.12800","14.60198","0.00990"
"85.13400","14.60252","0.00993"
"85.14000","14.60300","0.00993"
"85.14600","14.60353","0.00992"
"85.15200","14.60407","0.00981"
"85.15800","14.60455","0.00977"
"85.16400","14.60503","0.00978"
"85.17000","14.60557","0.00985"
"85.17600","14.60604","0.00991"
"85.18200","14.60652","0.00988"
"85.18800","14.60700","0.00984"
"85.19400","14.60754","0.00983"
"85.20000","14.60802","0.00989"
"85.20600","14.60850","0.01002"
"85.21200","14.60898","0.01004"
"85.21800","14.60951","0.01011"
"85.22400","14.60999","0.01020"
"85.23000","14.61047","0.01019"
"85.23600","14.61101","0.01018"
"85.24200","14.61149","0.01014"
"85.24800","14.61197","0.01017"
"85.25400","14.61250","0.01028"
"85.26000","14.61298","0.01030"
"85.26600","14.61346","0.01029"
"85.27200","14.61400","0.01028"
"85.27800","14.61448","0.01020"
"85.28400","14.61501","0.01017"
"85.29000","14.61549","0.01011"
"85.29600","14.61603","0.00995"
"85.30200","14.61651","0.00976"
"85.30800","14.61705","0.00959"
"85.31400","14.61753","0.00950"
"85.32000","14.61800","0.00943"
"85.32600","14.61854","0.00925"
"85.33200","14.61902","0.00915"
"85.33800","14.61950","0.00919"
"85.34400","14.61998","0.00927"
"85.35000","14.62045","0.00950"
"85.35600","14.62093","0.00979"
"85.36200","14.62147","0.00991"
"85.36800","14.62195","0.00991"
"85.37400","14.62243","0.00990"
"85.38000","14.62297","0.00989"
"85.38600","14.62344","0.00996"
"85.39200","14.62392","0.00994"
"85.39800","14.62446","0.00993"
"85.40400","14.62494","0.01002"
"85.41000","14.62548","0.00998"
"85.41600","14.62596","0.00994"
"85.42200","14.62643","0.00990"
"85.42800","14.62697","0.00986"
"85.43400","14.62745","0.00985"
"85.44000","14.62799","0.00981"
"85.44600","14.62847","0.00975"
"85.45200","14.62900","0.00964"
"85.45800","14.62948","0.00958"
"85.46400","14.62996","0.00967"
"85.47000","14.63044","0.00977"
"85.47600","14.63092","0.00984"
"85.48200","14.63140","0.00989"
"85.48800","14.63193","0.00991"
"85.49400","14.63241","0.00989"
"85.50000","14.63289","0.00983"
"85.50600","14.63343","0.00979"
"85.51200","14.63391","0.00969"
"85.51800","14.63439","0.00963"
"85.52400","14.63492","0.00965"
"85.53000","14.63540","0.00970"
"85.53600","14.63594","0.00974"
"85.54200","14.63642","0.00971"
"85.54800","14.63696","0.00974"
"85.55400","14.63743","0.00984"
"85.56000","14.63797","0.00987"
"85.56600","14.63845","0.00992"
"85.57200","14.63899","0.00998"
"85.57800","14.63947","0.00995"
"85.58400","14.64001","0.00985"
"85.59000","14.64048","0.00980"
"85.59600","14.64102","0.00974"
"85.60200","14.64150","0.00979"
"85.60800","14.64204","0.00980"
"85.61400","14.64252","0.00977"
"85.62000","14.64299","0.00975"
"85.62600","14.64353","0.00974"
"85.63200","14.64401","0.00976"
"85.63800","14.64449","0.00983"
"85.64400","14.64503","0.00995"
"85.65000","14.64551","0.01009"
"85.65600","14.64598","0.01009"
"85.66200","14.64652","0.01001"
"85.66800","14.64700","0.01000"
"85.67400","14.64748","0.01003"
"85.68000","14.64802","0.01002"
"85.68600","14.64850","0.01004"
"85.69200","14.64897","0.01004"
"85.69800","14.64945","0.01002"
"85.70400","14.64999","0.01004"
"85.71000","14.65047","0.01009"
"85.71600","14.65101","0.01009"
"85.72200","14.65148","0.01018"
"85.72800","14.65196","0.01026"
"85.73400","14.65250","0.01029"
"85.74000","14.65298","0.01023"
"85.74600","14.65346","0.01014"
"85.75200","14.65400","0.01007"
"85.75800","14.65447","0.01000"
"85.76400","14.65501","0.00994"
"85.77000","14.65549","0.00994"
"85.77600","14.65597","0.00993"
"85.78200","14.65651","0.00992"
"85.78800","14.65699","0.00994"
"85.79400","14.65752","0.00994"
"85.80000","14.65800","0.00995"
"85.80600","14.65854","0.00995"
"85.81200","14.65902","0.00992"
"85.81800","14.65950","0.00997"
"85.82400","14.66003","0.01005"
"85.83000","14.66051","0.01026"
"85.83600","14.66099","0.01032"
"85.84200","14.66153","0.01024"
"85.84800","14.66201","0.01011"
"85.85400","14.66249","0.01003"
"85.86000","14.66302","0.00990"
"85.86600","14.66350","0.00983"
"85.87200","14.66404","0.00982"
"85.87800","14.66452","0.00977"
"85.88400","14.66500","0.00970"
"85.89000","14.66554","0.00969"
"85.89600","14.66601","0.00975"
"85.90200","14.66649","0.00987"
"85.90800","14.66697","0.00997"
"85.91400","14.66751","0.00996"
"85.92000","14.66799","0.01001"
"85.92600","14.66847","0.01001"
"85.93200","14.66900","0.01000"
"85.93800","14.66948","0.00999"
"85.94400","14.67002","0.00990"
"85.95000","14.67050","0.00981"
"85.95600","14.67104","0.00985"
"85.96200","14.67151","0.00983"
"85.96800","14.67199","0.00987"
"85.97400","14.67247","0.00989"
"85.98000","14.67301","0.00981"
"85.98600","14.67349","0.00970"
"85.99200","14.67397","0.00962"
"85.99800","14.67445","0.00956"
"86.00400","14.67498","0.00957"
"86.01000","14.67546","0.00949"
"86.01600","14.67594","0.00937"
"86.02200","14.67648","0.00939"
"86.02800","14.67696","0.00944"
"86.03400","14.67743","0.00950"
"86.04000","14.67797","0.00963"
"86.04600","14.67845","0.00972"
"86.05200","14.67899","0.00976"
"86.05800","14.67947","0.00973"
"86.06400","14.68001","0.00971"
"86.07000","14.68048","0.00980"
"86.07600","14.68096","0.00983"
"86.08200","14.68150","0.00978"
"86.08800","14.68198","0.00978"
"86.09400","14.68252","0.00970"
"86.10000","14.68299","0.00965"
"86.10600","14.68353","0.00976"
"86.11200","14.68401","0.00987"
"86.11800","14.68449","0.00998"
"86.12400","14.68503","0.01004"
"86.13000","14.68550","0.01012"
"86.13600","14.68598","0.01028"
"86.14200","14.68652","0.01031"
"86.14800","14.68700","0.01015"
"86.15400","14.68748","0.01009"
"86.16000","14.68802","0.00999"
"86.16600","14.68849","0.00989"
"86.17200","14.68897","0.00985"
"86.17800","14.68951","0.00978"
"86.18400","14.68999","0.00977"
"86.19000","14.69053","0.00983"
"86.19600","14.69101","0.00991"
"86.20200","14.69148","0.01004"
"86.20800","14.69202","0.01011"
"86.21400","14.69250","0.01010"
"86.22000","14.69304","0.01010"
"86.22600","14.69352","0.01001"
"86.23200","14.69400","0.00991"
"86.23800","14.69453","0.00987"
"86.24400","14.69501","0.00986"
"86.25000","14.69549","0.00984"
"86.25600","14.69603","0.00981"
"86.26200","14.69651","0.00983"
"86.26800","14.69699","0.00989"
"86.27400","14.69752","0.00996"
"86.28000","14.69800","0.01000"
"86.28600","14.69848","0.01013"
"86.29200","14.69902","0.01023"
"86.29800","14.69950","0.01022"
"86.30400","14.69998","0.01027"
"86.31000","14.70045","0.01022"
"86.31600","14.70099","0.01012"
"86.32200","14.70147","0.01004"
"86.32800","14.70195","0.00988"
"86.33400","14.70243","0.00979"
"86.34000","14.70296","0.00969"
"86.34600","14.70344","0.00964"
"86.35200","14.70398","0.00966"
"86.35800","14.70446","0.00970"
"86.36400","14.70500","0.00976"
"86.37000","14.70548","0.00984"
"86.37600","14.70595","0.00985"
"86.38200","14.70649","0.00987"
"86.38800","14.70697","0.00998"
"86.39400","14.70745","0.01008"
"86.40000","14.70799","0.01011"
"86.40600","14.70846","0.01010"
"86.41200","14.70894","0.01000"
"86.41800","14.70948","0.00991"
"86.42400","14.70996","0.00989"
"86.43000","14.71044","0.00983"
"86.43600","14.71098","0.00975"
"86.44200","14.71145","0.00969"
"86.44800","14.71193","0.00961"
"86.45400","14.71241","0.00962"
"86.46000","14.71295","0.00970"
"86.46600","14.71343","0.00982"
"86.47200","14.71390","0.00991"
"86.47800","14.71444","0.00994"
"86.48400","14.71492","0.00997"
"86.49000","14.71546","0.01002"
"86.49600","14.71594","0.01004"
"86.50200","14.71648","0.01007"
"86.50800","14.71696","0.01004"
"86.51400","14.71743","0.00994"
"86.52000","14.71797","0.00988"
"86.52600","14.71845","0.00980"
"86.53200","14.71893","0.00974"
"86.53800","14.71947","0.00980"
"86.54400","14.71994","0.00986"
"86.55000","14.72042","0.00989"
"86.55600","14.72090","0.00997"
"86.56200","14.72144","0.01005"
"86.56800","14.72192","0.01012"
"86.57400","14.72239","0.01008"
"86.58000","14.72293","0.01008"
"86.58600","14.72341","0.01013"
"86.59200","14.72395","0.01008"
"86.59800","14.72443","0.01004"
"86.60400","14.72491","0.01014"
"86.61000","14.72544","0.01022"
"86.61600","14.72592","0.01027"
"86.62200","14.72640","0.01029"
"86.62800","14.72694","0.01035"
"86.63400","14.72742","0.01039"
"86.64000","14.72790","0.01037"
"86.64600","14.72843","0.01026"
"86.65200","14.72891","0.01019"
"86.65800","14.72945","0.01012"
"86.66400","14.72993","0.01002"
"86.67000","14.73047","0.00990"
"86.67600","14.73095","0.00975"
"86.68200","14.73148","0.00970"
"86.68800","14.73196","0.00974"
"86.69400","14.73244","0.00983"
"86.70000","14.73298","0.00986"
"86.70600","14.73346","0.00984"
"86.71200","14.73399","0.00983"
"86.71800","14.73447","0.00984"
"86.72400","14.73501","0.00982"
"86.73000","14.73549","0.00983"
"86.73600","14.73597","0.00986"
"86.74200","14.73651","0.00983"
"86.74800","14.73698","0.00981"
"86.75400","14.73752","0.00989"
"86.76000","14.73800","0.00994"
"86.76600","14.73848","0.01002"
"86.77200","14.73896","0.01009"
"86.77800","14.73949","0.01003"
"86.78400","14.73997","0.01005"
"86.79000","14.74045","0.01009"
"86.79600","14.74099","0.00998"
"86.80200","14.74147","0.00993"
"86.80800","14.74201","0.00988"
"86.81400","14.74248","0.00984"
"86.82000","14.74302","0.00990"
"86.82600","14.74350","0.00991"
"86.83200","14.74398","0.00990"
"86.83800","14.74452","0.00992"
"86.84400","14.74500","0.00995"
"86.85000","14.74547","0.01000"
"86.85600","14.74601","0.01006"
"86.86200","14.74649","0.01003"
"86.86800","14.74703","0.01005"
"86.87400","14.74751","0.01000"
"86.88000","14.74799","0.00995"
"86.88600","14.74852","0.00998"
"86.89200","14.74900","0.01007"
"86.89800","14.74954","0.01005"
"86.90400","14.75002","0.00999"
"86.91000","14.75050","0.00987"
"86.91600","14.75098","0.00976"
"86.92200","14.75145","0.00973"
"86.92800","14.75193","0.00972"
"86.93400","14.75247","0.00980"
"86.94000","14.75295","0.00989"
"86.94600","14.75343","0.00987"
"86.95200","14.75396","0.00986"
"86.95800","14.75444","0.00983"
"86.96400","14.75492","0.00981"
"86.97000","14.75546","0.00975"
"86.97600","14.75594","0.00968"
"86.98200","14.75642","0.00959"
"86.98800","14.75695","0.00962"
"86.99400","14.75743","0.00965"
"87.00000","14.75797","0.00974"
"87.00600","14.75845","0.00991"
"87.01200","14.75899","0.00995"
"87.01800","14.75947","0.00994"
"87.02400","14.76000","0.00994"
"87.03000","14.76048","0.00995"
"87.03600","14.76102","0.01005"
"87.04200","14.76150","0.01010"
"87.04800","14.76198","0.01014"
"87.05400","14.76252","0.01020"
"87.06000","14.76299","0.01017"
"87.06600","14.76347","0.01019"
"87.07200","14.76395","0.01027"
"87.07800","14.76443","0.01025"
"87.08400","14.76497","0.01021"
"87.09000","14.76544","0.01022"
"87.09600","14.76592","0.01016"
"87.10200","14.76646","0.01019"
"87.10800","14.76694","0.01020"
"87.11400","14.76742","0.01018"
"87.12000","14.76795","0.01018"
"87.12600","14.76843","0.01015"
"87.13200","14.76897","0.01008"
"87.13800","14.76945","0.01009"
"87.14400","14.76999","0.01012"
"87.15000","14.77047","0.01020"
"87.15600","14.77100","0.01027"
"87.16200","14.77148","0.01032"
"87.16800","14.77202","0.01038"
"87.17400","14.77250","0.01043"
"87.18000","14.77298","0.01046"
"87.18600","14.77351","0.01046"
"87.19200","14.77399","0.01035"
"87.19800","14.77453","0.01018"
"87.20400","14.77501","0.01009"
"87.21000","14.77549","0.00999"
"87.21600","14.77603","0.00986"
"87.22200","14.77650","0.00980"
"87.22800","14.77698","0.00967"
"87.23400","14.77752","0.00956"
"87.24000","14.77800","0.00946"
"87.24600","14.77848","0.00950"
"87.25200","14.77902","0.00965"
"87.25800","14.77949","0.00978"
"87.26400","14.77997","0.00988"
"87.27000","14.78051","0.00996"
"87.27600","14.78099","0.00995"
"87.28200","14.78147","0.00993"
"87.28800","14.78201","0.01002"
"87.29400","14.78254","0.01008"
"87.30000","14.78302","0.01007"
"87.30600","14.78350","0.01003"
"87.31200","14.78404","0.00999"
"87.31800","14.78452","0.00993"
"87.32400","14.78500","0.00984"
"87.33000","14.78553","0.00980"
"87.33600","14.78601","0.00986"
"87.34200","14.78649","0.00992"
"87.34800","14.78703","0.00992"
"87.35400","14.78751","0.00991"
"87.36000","14.78798","0.00994"
"87.36600","14.78852","0.00994"
"87.37200","14.78900","0.00990"
"87.37800","14.78954","0.00984"
"87.38400","14.79002","0.00982"
"87.39000","14.79050","0.00990"
"87.39600","14.79103","0.00993"
"87.40200","14.79151","0.00994"
"87.40800","14.79199","0.00998"
"87.41400","14.79253","0.00995"
"87.42000","14.79301","0.00993"
"87.42600","14.79355","0.01000"
"87.43200","14.79402","0.01006"
"87.43800","14.79456","0.01008"
"87.44400","14.79504","0.00994"
"87.45000","14.79552","0.00986"
"87.45600","14.79606","0.00981"
"87.46200","14.79654","0.00976"
"87.46800","14.79701","0.00975"
"87.47400","14.79755","0.00976"
"87.48000","14.79803","0.00969"
"87.48600","14.79851","0.00967"
"87.49200","14.79899","0.00970"
"87.49800","14.79946","0.00975"
"87.50400","14.80000","0.00992"
"87.51000","14.80048","0.01000"
"87.51600","14.80096","0.00993"
"87.52200","14.80150","0.00987"
"87.52800","14.80198","0.00978"
"87.53400","14.80245","0.00973"
"87.54000","14.80293","0.00976"
"87.54600","14.80347","0.00974"
"87.55200","14.80395","0.00977"
"87.55800","14.80443","0.00980"
"87.56400","14.80497","0.00985"
"87.57000","14.80544","0.00993"
"87.57600","14.80598","0.01001"
"87.58200","14.80646","0.01006"
"87.58800","14.80694","0.01007"
"87.59400","14.80748","0.01001"
"87.60000","14.80795","0.00989"
"87.60600","14.80843","0.00989"
"87.61200","14.80897","0.00997"
"87.61800","14.80945","0.01005"
"87.62400","14.80999","0.01006"
"87.63000","14.81046","0.01005"
"87.63600","14.81094","0.01003"
"87.64200","14.81148","0.00995"
"87.64800","14.81196","0.00979"
"87.65400","14.81244","0.00976"
"87.66000","14.81292","0.00973"
"87.66600","14.81345","0.00964"
"87.67200","14.81393","0.00968"
"87.67800","14.81441","0.00976"
"87.68400","14.81495","0.00981"
"87.69000","14.81543","0.00986"
"87.69600","14.81597","0.00988"
"87.70200","14.81644","0.00987"
"87.70800","14.81692","0.00989"
"87.71400","14.81746","0.00989"
"87.72000","14.81800","0.00990"
"87.72600","14.81848","0.00988"
"87.73200","14.81896","0.00987"
"87.73800","14.81949","0.00999"
"87.74400","14.81997","0.01007"
"87.75000","14.82051","0.01013"
"87.75600","14.82099","0.01016"
"87.76200","14.82147","0.01011"
"87.76800","14.82200","0.01007"
"87.77400","14.82248","0.01005"
"87.78000","14.82302","0.01001"
"87.78600","14.82350","0.01009"
"87.79200","14.82404","0.01006"
"87.79800","14.82452","0.00995"
"87.80400","14.82499","0.00989"
"87.81000","14.82547","0.00980"
"87.81600","14.82601","0.00980"
"87.82200","14.82649","0.00989"
"87.82800","14.82697","0.00994"
"87.83400","14.82745","0.00999"
"87.84000","14.82798","0.00998"
"87.84600","14.82846","0.00989"
"87.85200","14.82900","0.00993"
"87.85800","14.82948","0.00999"
"87.86400","14.83002","0.00999"
"87.87000","14.83049","0.00997"
"87.87600","14.83103","0.01000"
"87.88200","14.83151","0.01000"
"87.88800","14.83199","0.00999"
"87.89400","14.83253","0.01003"
"87.90000","14.83301","0.01011"
"87.90600","14.83355","0.01020"
"87.91200","14.83402","0.01019"
"87.91800","14.83450","0.01013"
"87.92400","14.83498","0.00999"
"87.93000","14.83552","0.00983"
"87.93600","14.83600","0.00977"
"87.94200","14.83647","0.00984"
"87.94800","14.83701","0.00991"
"87.95400","14.83749","0.00994"
"87.96000","14.83797","0.00995"
"87.96600","14.83845","0.00995"
"87.97200","14.83899","0.01000"
"87.97800","14.83946","0.00999"
"87.98400","14.83994","0.00994"
"87.99000","14.84048","0.00983"
"87.99600","14.84096","0.00972"
"88.00200","14.84150","0.00966"
"88.00800","14.84198","0.00962"
"88.01400","14.84251","0.00954"
"88.02000","14.84299","0.00960"
"88.02600","14.84353","0.00970"
"88.03200","14.84401","0.00977"
"88.03800","14.84455","0.00990"
"88.04400","14.84503","0.00991"
"88.05000","14.84550","0.00985"
"88.05600","14.84598","0.00981"
"88.06200","14.84652","0.00980"
"88.06800","14.84700","0.00985"
"88.07400","14.84748","0.00986"
"88.08000","14.84795","0.00980"
"88.08600","14.84849","0.00975"
"88.09200","14.84897","0.00975"
"88.09800","14.84945","0.00976"
"88.10400","14.84993","0.00982"
"88.11000","14.85046","0.00985"
"88.11600","14.85094","0.00979"
"88.12200","14.85142","0.00976"
"88.12800","14.85196","0.00969"
"88.13400","14.85244","0.00962"
"88.14000","14.85292","0.00954"
"88.14600","14.85345","0.00953"
"88.15200","14.85393","0.00958"
"88.15800","14.85447","0.00960"
"88.16400","14.85495","0.00961"
"88.17000","14.85549","0.00970"
"88.17600","14.85596","0.00977"
"88.18200","14.85650","0.00979"
"88.18800","14.85698","0.00978"
"88.19400","14.85746","0.00977"
"88.20000","14.85800","0.00971"
"88.20600","14.85848","0.00966"
"88.21200","14.85901","0.00967"
"88.21800","14.85949","0.00986"
"88.22400","14.85997","0.00998"
"88.23000","14.86045","0.00994"
"88.23600","14.86093","0.00999"
"88.24200","14.86147","0.01003"
"88.24800","14.86194","0.01011"
"88.25400","14.86248","0.01022"
"88.26000","14.86296","0.01025"
"88.26600","14.86344","0.01019"
"88.27200","14.86398","0.01011"
"88.27800","14.86446","0.00996"
"88.28400","14.86499","0.00989"
"88.29000","14.86547","0.00988"
"88.29600","14.86601","0.00984"
"88.30200","14.86649","0.00993"
"88.30800","14.86703","0.01002"
"88.31400","14.86750","0.01005"
"88.32000","14.86804","0.01014"
"88.32600","14.86852","0.01021"
"88.33200","14.86906","0.01021"
"88.33800","14.86954","0.01018"
"88.34400","14.87002","0.01012"
"88.35000","14.87055","0.01008"
"88.35600","14.87103","0.01005"
"88.36200","14.87151","0.01006"
"88.36800","14.87199","0.01004"
"88.37400","14.87253","0.01003"
"88.38000","14.87301","0.00996"
"88.38600","14.87348","0.00998"
"88.39200","14.87396","0.01007"
"88.39800","14.87444","0.01019"
"88.40400","14.87498","0.01018"
"88.41000","14.87546","0.01008"
"88.41600","14.87594","0.01005"
"88.42200","14.87647","0.01008"
"88.42800","14.87695","0.01004"
"88.43400","14.87749","0.01000"
"88.44000","14.87797","0.00999"
"88.44600","14.87851","0.00998"
"88.45200","14.87898","0.01006"
"88.45800","14.87952","0.01018"
"88.46400","14.88000","0.01024"
"88.47000","14.88054","0.01026"
"88.47600","14.88102","0.01027"
"88.48200","14.88150","0.01021"
"88.48800","14.88197","0.01014"
"88.49400","14.88245","0.01003"
"88.50000","14.88293","0.00999"
"88.50600","14.88347","0.01000"
"88.51200","14.88395","0.00995"
"88.51800","14.88443","0.00989"
"88.52400","14.88496","0.00995"
"88.53000","14.88544","0.00991"
"88.53600","14.88592","0.00992"
"88.54200","14.88640","0.00992"
"88.54800","14.88694","0.00984"
"88.55400","14.88741","0.00971"
"88.56000","14.88789","0.00954"
"88.56600","14.88843","0.00950"
"88.57200","14.88891","0.00957"
"88.57800","14.88945","0.00957"
"88.58400","14.88993","0.00951"
"88.59000","14.89046","0.00952"
"88.59600","14.89094","0.00950"
"88.60200","14.89148","0.00956"
"88.60800","14.89196","0.00962"
"88.61400","14.89244","0.00968"
"88.62000","14.89297","0.00979"
"88.62600","14.89345","0.00984"
"88.63200","14.89393","0.00997"
"88.63800","14.89447","0.01012"
"88.64400","14.89495","0.01019"
"88.65000","14.89543","0.01015"
"88.65600","14.89596","0.01007"
"88.66200","14.89644","0.00993"
"88.66800","14.89692","0.00986"
"88.67400","14.89746","0.00987"
"88.68000","14.89794","0.00997"
"88.68600","14.89842","0.01012"
"88.69200","14.89889","0.01023"
"88.69800","14.89943","0.01016"
"88.70400","14.89991","0.01012"
"88.71000","14.90039","0.01011"
"88.71600","14.90093","0.01021"
"88.72200","14.90141","0.01038"
"88.72800","14.90194","0.01040"
"88.73400","14.90248","0.01028"
"88.74000","14.90296","0.01008"
"88.74600","14.90350","0.00992"
"88.75200","14.90398","0.00992"
"88.75800","14.90451","0.00998"
"88.76400","14.90499","0.01008"
"88.77000","14.90547","0.01019"
"88.77600","14.90595","0.01020"
"88.78200","14.90643","0.01015"
"88.78800","14.90697","0.01017"
"88.79400","14.90744","0.01018"
"88.80000","14.90792","0.01023"
"88.80600","14.90846","0.01027"
"88.81200","14.90894","0.01030"
"88.81800","14.90948","0.01036"
"88.82400","14.90996","0.01042"
"88.83000","14.91049","0.01040"
"88.83600","14.91097","0.01030"
"88.84200","14.91145","0.01012"
"88.84800","14.91199","0.00997"
"88.85400","14.91247","0.00995"
"88.86000","14.91300","0.01002"
"88.86600","14.91348","0.00997"
"88.87200","14.91402","0.00989"
"88.87800","14.91450","0.00980"
"88.88400","14.91504","0.00970"
"88.89000","14.91552","0.00967"
"88.89600","14.91605","0.00966"
"88.90200","14.91653","0.00977"
"88.90800","14.91707","0.00982"
"88.91400","14.91755","0.00977"
"88.92000","14.91803","0.00978"
"88.92600","14.91851","0.00980"
"88.93200","14.91898","0.00985"
"88.93800","14.91952","0.00993"
"88.94400","14.92000","0.00999"
"88.95000","14.92048","0.01006"
"88.95600","14.92102","0.01005"
"88.96200","14.92150","0.00991"
"88.96800","14.92203","0.00983"
"88.97400","14.92251","0.00987"
"88.98000","14.92299","0.00978"
"88.98600","14.92353","0.00972"
"88.99200","14.92401","0.00962"
"88.99800","14.92455","0.00948"
"89.00400","14.92502","0.00949"
"89.01000","14.92556","0.00964"
"89.01600","14.92604","0.00978"
"89.02200","14.92658","0.00987"
"89.02800","14.92706","0.00980"
"89.03400","14.92753","0.00980"
"89.04000","14.92807","0.00992"
"89.04600","14.92855","0.00999"
"89.05200","14.92903","0.01000"
"89.05800","14.92957","0.00999"
"89.06400","14.93005","0.00989"
"89.07000","14.93052","0.00988"
"89.07600","14.93100","0.00989"
"89.08200","14.93148","0.00994"
"89.08800","14.93202","0.00997"
"89.09400","14.93250","0.00986"
"89.10000","14.93297","0.00971"
"89.10600","14.93351","0.00961"
"89.11200","14.93399","0.00960"
"89.11800","14.93447","0.00969"
"89.12400","14.93495","0.00978"
"89.13000","14.93548","0.00980"
"89.13600","14.93596","0.00973"
"89.14200","14.93644","0.00974"
"89.14800","14.93698","0.00984"
"89.15400","14.93746","0.00999"
"89.16000","14.93800","0.01005"
"89.16600","14.93847","0.01002"
"89.17200","14.93901","0.00993"
"89.17800","14.93949","0.00984"
"89.18400","14.94003","0.00986"
"89.19000","14.94051","0.00999"
"89.19600","14.94099","0.01009"
"89.20200","14.94146","0.01011"
"89.20800","14.94200","0.01005"
"89.21400","14.94248","0.00999"
"89.22000","14.94296","0.00999"
"89.22600","14.94344","0.01007"
"89.23200","14.94398","0.01013"
"89.23800","14.94445","0.01007"
"89.24400","14.94493","0.00995"
"89.25000","14.94541","0.00988"
"89.25600","14.94595","0.00989"
"89.26200","14.94643","0.00989"
"89.26800","14.94691","0.00986"
"89.27400","14.94744","0.00980"
"89.28000","14.94792","0.00973"
"89.28600","14.94846","0.00973"
"89.29200","14.94894","0.00966"
"89.29800","14.94948","0.00966"
"89.30400","14.95001","0.00973"
"89.31000","14.95049","0.00975"
"89.31600","14.95103","0.00982"
"89.32200","14.95151","0.00983"
"89.32800","14.95199","0.00978"
"89.33400","14.95253","0.00988"
"89.34000","14.95300","0.00992"
"89.34600","14.95348","0.00998"
"89.35200","14.95402","0.01006"
"89.35800","14.95450","0.01008"
"89.36400","14.95498","0.01007"
"89.37000","14.95551","0.01008"
"89.37600","14.95599","0.01013"
"89.38200","14.95647","0.01014"
"89.38800","14.95701","0.01011"
"89.39400","14.95749","0.01005"
"89.40000","14.95797","0.01001"
"89.40600","14.95850","0.01001"
"89.41200","14.95898","0.00995"
"89.41800","14.95946","0.00999"
"89.42400","14.96000","0.01000"
"89.43000","14.96048","0.00990"
"89.43600","14.96102","0.00987"
"89.44200","14.96149","0.00993"
"89.44800","14.96203","0.01000"
"89.45400","14.96257","0.01007"
"89.46000","14.96305","0.01010"
"89.46600","14.96353","0.01011"
"89.47200","14.96406","0.01014"
"89.47800","14.96454","0.01017"
"89.48400","14.96502","0.01021"
"89.49000","14.96556","0.01024"
"89.49600","14.96604","0.01018"
"89.50200","14.96652","0.01015"
"89.50800","14.96705","0.01023"
"89.51400","14.96753","0.01029"
"89.52000","14.96801","0.01039"
"89.52600","14.96855","0.01046"
"89.53200","14.96903","0.01034"
"89.53800","14.96951","0.01024"
"89.54400","14.96999","0.01016"
"89.55000","14.97052","0.01007"
"89.55600","14.97100","0.01001"
"89.56200","14.97148","0.00991"
"89.56800","14.97202","0.00981"
"89.57400","14.97250","0.00975"
"89.58000","14.97303","0.00973"
"89.58600","14.97351","0.00978"
"89.59200","14.97399","0.00992"
"89.59800","14.97453","0.01001"
"89.60400","14.97501","0.01002"
"89.61000","14.97554","0.01001"
"89.61600","14.97602","0.01007"
"89.62200","14.97650","0.01019"
"89.62800","14.97704","0.01023"
"89.63400","14.97752","0.01022"
"89.64000","14.97799","0.01020"
"89.64600","14.97853","0.01012"
"89.65200","14.97901","0.01009"
"89.65800","14.97949","0.01005"
"89.66400","14.97997","0.00995"
"89.67000","14.98045","0.00992"
"89.67600","14.98098","0.00987"
"89.68200","14.98146","0.00977"
"89.68800","14.98194","0.00968"
"89.69400","14.98242","0.00962"
"89.70000","14.98296","0.00962"
"89.70600","14.98344","0.00964"
"89.71200","14.98391","0.00965"
"89.71800","14.98445","0.00973"
"89.72400","14.98493","0.00984"
"89.73000","14.98547","0.00987"
"89.73600","14.98595","0.00982"
"89.74200","14.98643","0.00981"
"89.74800","14.98696","0.00980"
"89.75400","14.98744","0.00982"
"89.76000","14.98792","0.00988"
"89.76600","14.98846","0.00991"
"89.77200","14.98894","0.00995"
"89.77800","14.98942","0.00992"
"89.78400","14.98995","0.00988"
"89.79000","14.99043","0.00996"
"89.79600","14.99091","0.01006"
"89.80200","14.99145","0.01018"
"89.80800","14.99193","0.01022"
"89.81400","14.99240","0.01022"
"89.82000","14.99294","0.01024"
"89.82600","14.99342","0.01027"
"89.83200","14.99390","0.01027"
"89.83800","14.99444","0.01039"
"89.84400","14.99492","0.01036"
"89.85000","14.99545","0.01026"
"89.85600","14.99593","0.01018"
"89.86200","14.99647","0.01011"
"89.86800","14.99695","0.01010"
"89.87400","14.99749","0.01015"
"89.88000","14.99803","0.01009"
"89.88600","14.99850","0.01005"
"89.89200","14.99904","0.01004"
"89.89800","14.99952","0.01000"
"89.90400","15.00000","0.01003"
"89.91000","15.00054","0.01005"
"89.91600","15.00102","0.01000"
"89.92200","15.00149","0.01003"
"89.92800","15.00203","0.01002"
"89.93400","15.00251","0.01001"
"89.94000","15.00305","0.01002"
"89.94600","15.00353","0.00994"
"89.95200","15.00406","0.00992"
"89.95800","15.00454","0.00989"
"89.96400","15.00508","0.00988"
"89.97000","15.00556","0.00991"
"89.97600","15.00604","0.01002"
"89.98200","15.00652","0.01009"
"89.98800","15.00699","0.01015"
"89.99400","15.00753","0.01016"
"90.00000","15.00801","0.01019"
"90.00600","15.00849","0.01023"
"90.01200","15.00903","0.01019"
"90.01800","15.00951","0.01023"
"90.02400","15.01004","0.01027"
"90.03000","15.01052","0.01023"
"90.03600","15.01100","0.01016"
"90.04200","15.01154","0.01015"
"90.04800","15.01202","0.01010"
"90.05400","15.01250","0.01011"
"90.06000","15.01303","0.01006"
"90.06600","15.01351","0.01002"
"90.07200","15.01399","0.01007"
"90.07800","15.01453","0.01006"
"90.08400","15.01501","0.01007"
"90.09000","15.01554","0.01006"
"90.09600","15.01602","0.00998"
"90.10200","15.01650","0.00994"
"90.10800","15.01698","0.00997"
"90.11400","15.01752","0.01000"
"90.12000","15.01800","0.01004"
"90.12600","15.01847","0.01006"
"90.13200","15.01895","0.01010"
"90.13800","15.01949","0.01019"
"90.14400","15.01997","0.01023"
"90.15000","15.02045","0.01025"
"90.15600","15.02099","0.01024"
"90.16200","15.02146","0.01019"
"90.16800","15.02200","0.01019"
"90.17400","15.02248","0.01018"
"90.18000","15.02302","0.01014"
"90.18600","15.02349","0.01016"
"90.19200","15.02403","0.01015"
"90.19800","15.02451","0.01010"
"90.20400","15.02499","0.00998"
"90.21000","15.02553","0.00979"
"90.21600","15.02601","0.00974"
"90.22200","15.02648","0.00976"
"90.22800","15.02696","0.00978"
"90.23400","15.02750","0.00980"
"90.24000","15.02798","0.00986"
"90.24600","15.02846","0.00981"
"90.25200","15.02900","0.00977"
"90.25800","15.02947","0.00975"
"90.26400","15.02995","0.00974"
"90.27000","15.03043","0.00978"
"90.27600","15.03091","0.00980"
"90.28200","15.03145","0.00984"
"90.28800","15.03193","0.00993"
"90.29400","15.03240","0.00995"
"90.30000","15.03294","0.00994"
"90.30600","15.03342","0.00997"
"90.31200","15.03396","0.00996"
"90.31800","15.03444","0.00992"
"90.32400","15.03497","0.00992"
"90.33000","15.03545","0.00998"
"90.33600","15.03599","0.01005"
"90.34200","15.03647","0.01005"
"90.34800","15.03695","0.00997"
"90.35400","15.03749","0.00994"
"90.36000","15.03796","0.00991"
"90.36600","15.03850","0.00994"
"90.37200","15.03898","0.00994"
"90.37800","15.03946","0.00991"
"90.38400","15.04000","0.00981"
"90.39000","15.04048","0.00975"
"90.39600","15.04095","0.00969"
"90.40200","15.04149","0.00976"
"90.40800","15.04197","0.00986"
"90.41400","15.04245","0.00991"
"90.42000","15.04299","0.00997"
"90.42600","15.04347","0.00999"
"90.43200","15.04394","0.00991"
"90.43800","15.04448","0.00989"
"90.44400","15.04496","0.00987"
"90.45000","15.04550","0.00976"
"90.45600","15.04598","0.00971"
"90.46200","15.04651","0.00969"
"90.46800","15.04699","0.00980"
"90.47400","15.04753","0.00993"
"90.48000","15.04801","0.01000"
"90.48600","15.04855","0.01000"
"90.49200","15.04903","0.00996"
"90.49800","15.04956","0.00986"
"90.50400","15.05004","0.00984"
"90.51000","15.05052","0.00992"
"90.51600","15.05100","0.01003"
"90.52200","15.05154","0.01011"
"90.52800","15.05202","0.01002"
"90.53400","15.05249","0.00993"
"90.54000","15.05297","0.00989"
"90.54600","15.05351","0.00995"
"90.55200","15.05399","0.01007"
"90.55800","15.05447","0.01020"
"90.56400","15.05501","0.01023"
"90.57000","15.05548","0.01013"
"90.57600","15.05596","0.01001"
"90.58200","15.05650","0.00990"
"90.58800","15.05698","0.01000"
"90.59400","15.05752","0.01005"
"90.60000","15.05805","0.01017"
"90.60600","15.05853","0.01023"
"90.61200","15.05901","0.01009"
"90.61800","15.05955","0.01002"
"90.62400","15.06003","0.01008"
"90.63000","15.06051","0.01017"
"90.63600","15.06104","0.01025"
"90.64200","15.06152","0.01019"
"90.64800","15.06200","0.01014"
"90.65400","15.06254","0.01022"
"90.66000","15.06302","0.01025"
"90.66600","15.06350","0.01029"
"90.67200","15.06397","0.01030"
"90.67800","15.06451","0.01017"
"90.68400","15.06499","0.00999"
"90.69000","15.06547","0.00986"
"90.69600","15.06595","0.00971"
"90.70200","15.06642","0.00967"
"90.70800","15.06696","0.00974"
"90.71400","15.06744","0.00976"
"90.72000","15.06792","0.00976"
"90.72600","15.06846","0.00979"
"90.73200","15.06894","0.00981"
"90.73800","15.06947","0.00986"
"90.74400","15.06995","0.00986"
"90.75000","15.07049","0.00990"
"90.75600","15.07097","0.00994"
"90.76200","15.07151","0.00998"
"90.76800","15.07198","0.01005"
"90.77400","15.07246","0.01007"
"90.78000","15.07294","0.01005"
"90.78600","15.07348","0.00999"
"90.79200","15.07396","0.00992"
"90.79800","15.07444","0.00991"
"90.80400","15.07491","0.00996"
"90.81000","15.07545","0.00996"
"90.81600","15.07593","0.00994"
"90.82200","15.07641","0.00993"
"90.82800","15.07695","0.00991"
"90.83400","15.07743","0.00998"
"90.84000","15.07790","0.01005"
"90.84600","15.07838","0.01006"
"90.85200","15.07892","0.01003"
"90.85800","15.07940","0.00998"
"90.86400","15.07994","0.00989"
"90.87000","15.08041","0.00982"
"90.87600","15.08095","0.00982"
"90.88200","15.08143","0.00986"
"90.88800","15.08197","0.00989"
"90.89400","15.08251","0.00991"
"90.90000","15.08299","0.00993"
"90.90600","15.08346","0.01004"
"90.91200","15.08400","0.01017"
"90.91800","15.08448","0.01023"
"90.92400","15.08496","0.01027"
"90.93000","15.08544","0.01020"
"90.93600","15.08592","0.01019"
"90.94200","15.08645","0.01020"
"90.94800","15.08693","0.01015"
"90.95400","15.08741","0.01011"
"90.96000","15.08795","0.01003"
"90.96600","15.08843","0.00989"
"90.97200","15.08897","0.00981"
"90.97800","15.08944","0.00983"
"90.98400","15.08992","0.00988"
"90.99000","15.09046","0.00993"
"90.99600","15.09094","0.00993"
"91.00200","15.09148","0.01001"
"91.00800","15.09196","0.01011"
"91.01400","15.09249","0.01014"
"91.02000","15.09297","0.01025"
"91.02600","15.09351","0.01034"
"91.03200","15.09399","0.01041"
"91.03800","15.09453","0.01040"
"91.04400","15.09501","0.01035"
"91.05000","15.09554","0.01026"
"91.05600","15.09602","0.01029"
"91.06200","15.09650","0.01023"
"91.06800","15.09698","0.01011"
"91.07400","15.09752","0.01007"
"91.08000","15.09799","0.00999"
"91.08600","15.09847","0.00997"
"91.09200","15.09901","0.00988"
"91.09800","15.09949","0.00980"
"91.10400","15.09997","0.00976"
"91.11000","15.10050","0.00976"
"91.11600","15.10098","0.00971"
"91.12200","15.10146","0.00978"
"91.12800","15.10200","0.00979"
"91.13400","15.10248","0.00976"
"91.14000","15.10302","0.00973"
"91.14600","15.10349","0.00969"
"91.15200","15.10397","0.00967"
"91.15800","15.10451","0.00977"
"91.16400","15.10499","0.00984"
"91.17000","15.10553","0.00993"
"91.17600","15.10601","0.00996"
"91.18200","15.10654","0.01004"
"91.18800","15.10702","0.01017"
"91.19400","15.10750","0.01024"
"91.20000","15.10804","0.01028"
"91.20600","15.10852","0.01031"
"91.21200","15.10900","0.01033"
"91.21800","15.10947","0.01032"
"91.22400","15.11001","0.01036"
"91.23000","15.11049","0.01031"
"91.23600","15.11097","0.01026"
"91.24200","15.11151","0.01017"
"91.24800","15.11198","0.01007"
"91.25400","15.11246","0.01003"
"91.26000","15.11300","0.00999"
"91.26600","15.11348","0.00999"
"91.27200","15.11396","0.00996"
"91.27800","15.11449","0.00992"
"91.28400","15.11497","0.00992"
"91.29000","15.11545","0.01001"
"91.29600","15.11599","0.01009"
"91.30200","15.11647","0.01023"
"91.30800","15.11695","0.01026"
"91.31400","15.11748","0.01025"
"91.32000","15.11796","0.01020"
"91.32600","15.11844","0.01009"
"91.33200","15.11892","0.01000"
"91.33800","15.11946","0.00998"
"91.34400","15.11994","0.00994"
"91.35000","15.12041","0.00994"
"91.35600","15.12095","0.01002"
"91.36200","15.12143","0.01010"
"91.36800","15.12197","0.01021"
"91.37400","15.12245","0.01029"
"91.38000","15.12293","0.01027"
"91.38600","15.12346","0.01019"
"91.39200","15.12394","0.01010"
"91.39800","15.12448","0.01008"
"91.40400","15.12496","0.01021"
"91.41000","15.12544","0.01023"
"91.41600","15.12597","0.01012"
"91.42200","15.12645","0.01001"
"91.42800","15.12693","0.00995"
"91.43400","15.12747","0.00991"
"91.44000","15.12795","0.01002"
"91.44600","15.12849","0.01007"
"91.45200","15.12896","0.01013"
"91.45800","15.12944","0.01015"
"91.46400","15.12998","0.01012"
"91.47000","15.13046","0.01003"
"91.47600","15.13094","0.00997"
"91.48200","15.13148","0.00994"
"91.48800","15.13195","0.00994"
"91.49400","15.13243","0.00992"
"91.50000","15.13291","0.00987"
"91.50600","15.13345","0.00996"
"91.51200","15.13393","0.00999"
"91.51800","15.13447","0.01005"
"91.52400","15.13494","0.01014"
"91.53000","15.13548","0.01006"
"91.53600","15.13602","0.00997"
"91.54200","15.13650","0.00994"
"91.54800","15.13698","0.00998"
"91.55400","15.13751","0.01008"
"91.56000","15.13799","0.01018"
"91.56600","15.13847","0.01019"
"91.57200","15.13901","0.01016"
"91.57800","15.13949","0.01014"
"91.58400","15.13997","0.01017"
"91.59000","15.14050","0.01019"
"91.59600","15.14098","0.01013"
"91.60200","15.14152","0.01000"
"91.60800","15.14200","0.00989"
"91.61400","15.14248","0.00978"
"91.62000","15.14296","0.00979"
"91.62600","15.14349","0.00982"
"91.63200","15.14397","0.00981"
"91.63800","15.14445","0.00992"
"91.64400","15.14499","0.01001"
"91.65000","15.14547","0.01014"
"91.65600","15.14595","0.01028"
"91.66200","15.14648","0.01027"
"91.66800","15.14696","0.01020"
"91.67400","15.14750","0.01006"
"91.68000","15.14804","0.00988"
"91.68600","15.14852","0.00974"
"91.69200","15.14899","0.00966"
"91.69800","15.14953","0.00955"
"91.70400","15.15001","0.00944"
"91.71000","15.15049","0.00939"
"91.71600","15.15103","0.00945"
"91.72200","15.15151","0.00963"
"91.72800","15.15198","0.00979"
"91.73400","15.15252","0.00989"
"91.74000","15.15300","0.00987"
"91.74600","15.15348","0.00977"
"91.75200","15.15402","0.00970"
"91.75800","15.15450","0.00972"
"91.76400","15.15497","0.00980"
"91.77000","15.15551","0.00995"
"91.77600","15.15599","0.01003"
"91.78200","15.15647","0.01009"
"91.78800","15.15701","0.01015"
"91.79400","15.15748","0.01015"
"91.80000","15.15796","0.01017"
"91.80600","15.15850","0.01023"
"91.81200","15.15898","0.01011"
"91.81800","15.15946","0.00995"
"91.82400","15.16000","0.00984"
"91.83000","15.16047","0.00985"
"91.83600","15.16101","0.00997"
"91.84200","15.16149","0.00998"
"91.84800","15.16197","0.00989"
"91.85400","15.16245","0.00988"
"91.86000","15.16298","0.00987"
"91.86600","15.16346","0.00987"
"91.87200","15.16394","0.00992"
"91.87800","15.16448","0.00989"
"91.88400","15.16496","0.00983"
"91.89000","15.16550","0.00981"
"91.89600","15.16597","0.00976"
"91.90200","15.16645","0.00976"
"91.90800","15.16693","0.00981"
"91.91400","15.16747","0.00981"
"91.92000","15.16795","0.00989"
"91.92600","15.16849","0.00997"
"91.93200","15.16896","0.01002"
"91.93800","15.16944","0.01008"
"91.94400","15.16998","0.01007"
"91.95000","15.17046","0.01006"
"91.95600","15.17094","0.01009"
"91.96200","15.17148","0.01009"
"91.96800","15.17195","0.01006"
"91.97400","15.17249","0.01003"
"91.98000","15.17297","0.01005"
"91.98600","15.17345","0.01005"
"91.99200","15.17399","0.00992"
"91.99800","15.17447","0.00975"
"92.00400","15.17494","0.00972"
"92.01000","15.17548","0.00973"
"92.01600","15.17596","0.00976"
"92.02200","15.17650","0.00985"
"92.02800","15.17698","0.00992"
"92.03400","15.17751","0.00991"
"92.04000","15.17799","0.00990"
"92.04600","15.17853","0.00987"
"92.05200","15.17901","0.00987"
"92.05800","15.17949","0.00983"
"92.06400","15.18003","0.00978"
"92.07000","15.18050","0.00974"
"92.07600","15.18098","0.00979"
"92.08200","15.18152","0.00978"
"92.08800","15.18200","0.00987"
"92.09400","15.18248","0.00995"
"92.10000","15.18301","0.00992"
"92.10600","15.18349","0.00990"
"92.11200","15.18403","0.00992"
"92.11800","15.18451","0.00996"
"92.12400","15.18499","0.01004"
"92.13000","15.18553","0.01010"
"92.13600","15.18600","0.01011"
"92.14200","15.18648","0.01002"
"92.14800","15.18702","0.00984"
"92.15400","15.18750","0.00968"
"92.16000","15.18804","0.00962"
"92.16600","15.18851","0.00963"
"92.17200","15.18905","0.00970"
"92.17800","15.18953","0.00985"
"92.18400","15.19007","0.00996"
"92.19000","15.19055","0.01000"
"92.19600","15.19109","0.01001"
"92.20200","15.19156","0.00998"
"92.20800","15.19210","0.00997"
"92.21400","15.19258","0.00994"
"92.22000","15.19306","0.00992"
"92.22600","15.19354","0.00995"
"92.23200","15.19402","0.01000"
"92.23800","15.19455","0.01007"
"92.24400","15.19503","0.01011"
"92.25000","15.19551","0.01015"
"92.25600","15.19605","0.01026"
"92.26200","15.19653","0.01030"
"92.26800","15.19701","0.01033"
"92.27400","15.19748","0.01031"
"92.28000","15.19802","0.01021"
"92.28600","15.19850","0.01009"
"92.29200","15.19898","0.01001"
"92.29800","15.19952","0.00990"
"92.30400","15.20000","0.00989"
"92.31000","15.20047","0.00981"
"92.31600","15.20101","0.00973"
"92.32200","15.20149","0.00977"
"92.32800","15.20203","0.00984"
"92.33400","15.20251","0.00987"
"92.34000","15.20304","0.01001"
"92.34600","15.20352","0.01013"
"92.35200","15.20400","0.01020"
"92.35800","15.20448","0.01021"
"92.36400","15.20496","0.01012"
"92.37000","15.20549","0.01010"
"92.37600","15.20597","0.01006"
"92.38200","15.20645","0.01005"
"92.38800","15.20699","0.01003"
"92.39400","15.20747","0.00992"
"92.40000","15.20795","0.00971"
"92.40600","15.20848","0.00966"
"92.41200","15.20896","0.00973"
"92.41800","15.20944","0.00986"
"92.42400","15.20998","0.01001"
"92.43000","15.21046","0.01012"
"92.43600","15.21094","0.01013"
"92.44200","15.21147","0.01012"
"92.44800","15.21195","0.01011"
"92.45400","15.21249","0.01016"
"92.46000","15.21297","0.01015"
"92.46600","15.21351","0.01007"
"92.47200","15.21399","0.01000"
"92.47800","15.21452","0.00994"
"92.48400","15.21500","0.00995"
"92.49000","15.21548","0.01004"
"92.49600","15.21602","0.01011"
"92.50200","15.21650","0.01016"
"92.50800","15.21697","0.01022"
"92.51400","15.21751","0.01037"
"92.52000","15.21799","0.01055"
"92.52600","15.21847","0.01062"
"92.53200","15.21895","0.01051"
"92.53800","15.21949","0.01051"
"92.54400","15.21996","0.01051"
"92.55000","15.22044","0.01050"
"92.55600","15.22098","0.01052"
"92.56200","15.22146","0.01050"
"92.56800","15.22194","0.01045"
"92.57400","15.22248","0.01032"
"92.58000","15.22295","0.01023"
"92.58600","15.22349","0.01020"
"92.59200","15.22397","0.01022"
"92.59800","15.22445","0.01010"
"92.60400","15.22499","0.01011"
"92.61000","15.22547","0.01010"
"92.61600","15.22600","0.01002"
"92.62200","15.22648","0.00999"
"92.62800","15.22702","0.01000"
"92.63400","15.22750","0.00997"
"92.64000","15.22804","0.00997"
"92.64600","15.22851","0.00993"
"92.65200","15.22899","0.00986"
"92.65800","15.22947","0.00988"
"92.66400","15.22995","0.00987"
"92.67000","15.23049","0.00987"
"92.67600","15.23097","0.00980"
"92.68200","15.23144","0.00978"
"92.68800","15.23198","0.00987"
"92.69400","15.23246","0.01001"
"92.70000","15.23294","0.01012"
"92.70600","15.23342","0.01022"
"92.71200","15.23396","0.01019"
"92.71800","15.23443","0.01019"
"92.72400","15.23497","0.01022"
"92.73000","15.23545","0.01023"
"92.73600","15.23599","0.01032"
"92.74200","15.23647","0.01038"
"92.74800","15.23700","0.01032"
"92.75400","15.23748","0.01030"
"92.76000","15.23802","0.01020"
"92.76600","15.23850","0.01010"
"92.77200","15.23904","0.01008"
"92.77800","15.23952","0.01005"
"92.78400","15.24005","0.01004"
"92.79000","15.24053","0.01002"
"92.79600","15.24101","0.01006"
"92.80200","15.24155","0.01019"
"92.80800","15.24203","0.01027"
"92.81400","15.24251","0.01024"
"92.82000","15.24298","0.01022"
"92.82600","15.24346","0.01017"
"92.83200","15.24400","0.01010"
"92.83800","15.24448","0.01012"
"92.84400","15.24496","0.01011"
"92.85000","15.24543","0.01002"
"92.85600","15.24597","0.01001"
"92.86200","15.24645","0.00993"
"92.86800","15.24693","0.00985"
"92.87400","15.24747","0.00990"
"92.88000","15.24795","0.00994"
"92.88600","15.24848","0.01001"
"92.89200","15.24896","0.01003"
"92.89800","15.24950","0.00998"
"92.90400","15.24998","0.01005"
"92.91000","15.25052","0.01010"
"92.91600","15.25099","0.01010"
"92.92200","15.25147","0.01010"
"92.92800","15.25195","0.01012"
"92.93400","15.25243","0.01011"
"92.94000","15.25291","0.01012"
"92.94600","15.25345","0.01016"
"92.95200","15.25392","0.01017"
"92.95800","15.25440","0.01013"
"92.96400","15.25494","0.01006"
"92.97000","15.25542","0.01004"
"92.97600","15.25590","0.01016"
"92.98200","15.25644","0.01017"
"92.98800","15.25691","0.01021"
"92.99400","15.25739","0.01024"
"93.00000","15.25793","0.01019"
"93.00600","15.25841","0.01011"
"93.01200","15.25889","0.01011"
"93.01800","15.25943","0.01017"
"93.02400","15.25990","0.01012"
"93.03000","15.26044","0.01002"
"93.03600","15.26098","0.00998"
"93.04200","15.26146","0.00989"
"93.04800","15.26200","0.00984"
"93.05400","15.26253","0.00987"
"93.06000","15.26301","0.00991"
"93.06600","15.26349","0.00993"
"93.07200","15.26403","0.00991"
"93.07800","15.26451","0.00985"
"93.08400","15.26499","0.00980"
"93.09000","15.26546","0.00984"
"93.09600","15.26600","0.00979"
"93.10200","15.26648","0.00978"
"93.10800","15.26696","0.00979"
"93.11400","15.26750","0.00967"
"93.12000","15.26798","0.00967"
"93.12600","15.26845","0.00975"
"93.13200","15.26899","0.00985"
"93.13800","15.26947","0.00997"
"93.14400","15.27001","0.01003"
"93.15000","15.27049","0.01008"
"93.15600","15.27097","0.01014"
"93.16200","15.27150","0.01016"
"93.16800","15.27198","0.01012"
"93.17400","15.27252","0.01007"
"93.18000","15.27306","0.00999"
"93.18600","15.27354","0.00995"
"93.19200","15.27407","0.01001"
"93.19800","15.27455","0.01009"
"93.20400","15.27509","0.01013"
"93.21000","15.27557","0.01009"
"93.21600","15.27605","0.00997"
"93.22200","15.27653","0.00996"
"93.22800","15.27700","0.00999"
"93.23400","15.27748","0.01001"
"93.24000","15.27796","0.00999"
"93.24600","15.27850","0.00997"
"93.25200","15.27898","0.01001"
"93.25800","15.27946","0.01011"
"93.26400","15.27999","0.01017"
"93.27000","15.28047","0.01023"
"93.27600","15.28095","0.01019"
"93.28200","15.28149","0.01010"
"93.28800","15.28197","0.01008"
"93.29400","15.28250","0.01004"
"93.30000","15.28298","0.01001"
"93.30600","15.28352","0.01004"
"93.31200","15.28400","0.01000"
"93.31800","15.28448","0.00990"
"93.32400","15.28502","0.00988"
"93.33000","15.28555","0.00988"
"93.33600","15.28603","0.00991"
"93.34200","15.28651","0.00996"
"93.34800","15.28705","0.01002"
"93.35400","15.28753","0.01011"
"93.36000","15.28800","0.01015"
"93.36600","15.28848","0.01017"
"93.37200","15.28902","0.01021"
"93.37800","15.28950","0.01029"
"93.38400","15.28998","0.01025"
"93.39000","15.29052","0.01020"
"93.39600","15.29099","0.01010"
"93.40200","15.29147","0.00996"
"93.40800","15.29201","0.00979"
"93.41400","15.29249","0.00968"
"93.42000","15.29303","0.00965"
"93.42600","15.29350","0.00954"
"93.43200","15.29398","0.00948"
"93.43800","15.29452","0.00949"
"93.44400","15.29500","0.00962"
"93.45000","15.29548","0.00978"
"93.45600","15.29602","0.00993"
"93.46200","15.29649","0.01001"
"93.46800","15.29697","0.01004"
"93.47400","15.29751","0.01006"
"93.48000","15.29799","0.01009"
"93.48600","15.29853","0.01013"
"93.49200","15.29901","0.01017"
"93.49800","15.29948","0.01006"
"93.50400","15.29996","0.00997"
"93.51000","15.30044","0.00993"
"93.51600","15.30098","0.00993"
"93.52200","15.30146","0.00998"
"93.52800","15.30194","0.01003"
"93.53400","15.30247","0.01006"
"93.54000","15.30295","0.01011"
"93.54600","15.30349","0.01014"
"93.55200","15.30397","0.01022"
"93.55800","15.30445","0.01033"
"93.56400","15.30498","0.01037"
"93.57000","15.30546","0.01038"
"93.57600","15.30594","0.01029"
"93.58200","15.30648","0.01011"
"93.58800","15.30696","0.00996"
"93.59400","15.30750","0.00986"
"93.60000","15.30797","0.00982"
"93.60600","15.30851","0.00988"
"93.61200","15.30899","0.00988"
"93.61800","15.30953","0.00990"
"93.62400","15.31001","0.01001"
"93.63000","15.31049","0.01007"
"93.63600","15.31102","0.01013"
"93.64200","15.31150","0.01013"
"93.64800","15.31198","0.01003"
"93.65400","15.31246","0.01004"
"93.66000","15.31300","0.01009"
"93.66600","15.31348","0.01007"
"93.67200","15.31401","0.01010"
"93.67800","15.31449","0.01017"
"93.68400","15.31503","0.01020"
"93.69000","15.31551","0.01026"
"93.69600","15.31605","0.01027"
"93.70200","15.31652","0.01033"
"93.70800","15.31706","0.01036"
"93.71400","15.31754","0.01023"
"93.72000","15.31802","0.01016"
"93.72600","15.31856","0.01011"
"93.73200","15.31904","0.01006"
"93.73800","15.31951","0.00995"
"93.74400","15.32005","0.00983"
"93.75000","15.32053","0.00974"
"93.75600","15.32101","0.00973"
"93.76200","15.32155","0.00974"
"93.76800","15.32203","0.00984"
"93.77400","15.32250","0.00993"
"93.78000","15.32298","0.00989"
"93.78600","15.32352","0.00985"
"93.79200","15.32400","0.00976"
"93.79800","15.32448","0.00968"
"93.80400","15.32501","0.00973"
"93.81000","15.32549","0.00984"
"93.81600","15.32603","0.00988"
"93.82200","15.32651","0.00990"
"93.82800","15.32699","0.00988"
"93.83400","15.32753","0.00987"
"93.84000","15.32800","0.00999"
"93.84600","15.32854","0.01009"
"93.85200","15.32902","0.01010"
"93.85800","15.32950","0.01008"
"93.86400","15.33004","0.01002"
"93.87000","15.33051","0.00996"
"93.87600","15.33099","0.01000"
"93.88200","15.33153","0.01007"
"93.88800","15.33201","0.01006"
"93.89400","15.33249","0.00997"
"93.90000","15.33303","0.00994"
"93.90600","15.33350","0.01011"
"93.91200","15.33398","0.01023"
"93.91800","15.33452","0.01033"
"93.92400","15.33500","0.01039"
"93.93000","15.33548","0.01035"
"93.93600","15.33602","0.01035"
"93.94200","15.33649","0.01030"
"93.94800","15.33697","0.01028"
"93.95400","15.33751","0.01028"
"93.96000","15.33799","0.01032"
"93.96600","15.33853","0.01032"
"93.97200","15.33900","0.01033"
"93.97800","15.33954","0.01034"
"93.98400","15.34002","0.01029"
"93.99000","15.34050","0.01025"
"93.99600","15.34104","0.01016"
"94.00200","15.34152","0.01011"
"94.00800","15.34199","0.01000"
"94.01400","15.34253","0.00988"
"94.02000","15.34301","0.00986"
"94.02600","15.34349","0.00998"
"94.03200","15.34397","0.00999"
"94.03800","15.34451","0.01002"
"94.04400","15.34498","0.00994"
"94.05000","15.34546","0.00985"
"94.05600","15.34594","0.00980"
"94.06200","15.34648","0.00977"
"94.06800","15.34696","0.00976"
"94.07400","15.34744","0.00978"
"94.08000","15.34797","0.00988"
"94.08600","15.34845","0.01003"
"94.09200","15.34893","0.01011"
"94.09800","15.34947","0.01008"
"94.10400","15.34995","0.01010"
"94.11000","15.35048","0.01011"
"94.11600","15.35096","0.01010"
"94.12200","15.35150","0.01008"
"94.12800","15.35198","0.01004"
"94.13400","15.35252","0.01000"
"94.14000","15.35300","0.01002"
"94.14600","15.35347","0.01003"
"94.15200","15.35401","0.01008"
"94.15800","15.35449","0.01019"
"94.16400","15.35497","0.01023"
"94.17000","15.35551","0.01035"
"94.17600","15.35599","0.01048"
"94.18200","15.35646","0.01048"
"94.18800","15.35700","0.01036"
"94.19400","15.35748","0.01014"
"94.20000","15.35796","0.00997"
"94.20600","15.35850","0.00992"
"94.21200","15.35898","0.00989"
"94.21800","15.35951","0.00986"
"94.22400","15.35999","0.00984"
"94.23000","15.36047","0.00981"
"94.23600","15.36101","0.00993"
"94.24200","15.36149","0.01005"
"94.24800","15.36202","0.01009"
"94.25400","15.36250","0.01010"
"94.26000","15.36304","0.01006"
"94.26600","15.36352","0.00997"
"94.27200","15.36400","0.00997"
"94.27800","15.36454","0.01000"
"94.28400","15.36501","0.01002"
"94.29000","15.36549","0.01004"
"94.29600","15.36603","0.01000"
"94.30200","15.36651","0.01005"
"94.30800","15.36699","0.01014"
"94.31400","15.36747","0.01012"
"94.32000","15.36800","0.01007"
"94.32600","15.36848","0.01002"
"94.33200","15.36902","0.00997"
"94.33800","15.36950","0.00991"
"94.34400","15.37004","0.00988"
"94.35000","15.37051","0.00983"
"94.35600","15.37099","0.00974"
"94.36200","15.37153","0.00971"
"94.36800","15.37201","0.00970"
"94.37400","15.37249","0.00981"
"94.38000","15.37302","0.00990"
"94.38600","15.37350","0.00994"
"94.39200","15.37398","0.00992"
"94.39800","15.37452","0.00989"
"94.40400","15.37500","0.00986"
"94.41000","15.37548","0.00984"
"94.41600","15.37601","0.00987"
"94.42200","15.37649","0.01003"
"94.42800","15.37703","0.01012"
"94.43400","15.37751","0.01019"
"94.44000","15.37799","0.01029"
"94.44600","15.37847","0.01035"
"94.45200","15.37900","0.01035"
"94.45800","15.37948","0.01028"
"94.46400","15.38002","0.01011"
"94.47000","15.38050","0.00997"
"94.47600","15.38104","0.00991"
"94.48200","15.38152","0.00993"
"94.48800","15.38205","0.01002"
"94.49400","15.38253","0.00998"
"94.50000","15.38301","0.00990"
"94.50600","15.38355","0.00988"
"94.51200","15.38403","0.00987"
"94.51800","15.38450","0.00994"
"94.52400","15.38498","0.01010"
"94.53000","15.38546","0.01013"
"94.53600","15.38600","0.01006"
"94.54200","15.38648","0.01003"
"94.54800","15.38696","0.01002"
"94.55400","15.38749","0.01000"
"94.56000","15.38797","0.00999"
"94.56600","15.38845","0.00994"
"94.57200","15.38899","0.00992"
"94.57800","15.38947","0.00993"
"94.58400","15.38995","0.00994"
"94.59000","15.39048","0.00999"
"94.59600","15.39096","0.00996"
"94.60200","15.39144","0.00995"
"94.60800","15.39198","0.00995"
"94.61400","15.39246","0.00987"
"94.62000","15.39294","0.00985"
"94.62600","15.39347","0.00987"
"94.63200","15.39401","0.00988"
"94.63800","15.39449","0.00990"
"94.64400","15.39497","0.00992"
"94.65000","15.39551","0.00988"
"94.65600","15.39598","0.00988"
"94.66200","15.39646","0.00990"
"94.66800","15.39694","0.00996"
"94.67400","15.39748","0.01002"
"94.68000","15.39796","0.01000"
"94.68600","15.39844","0.00998"
"94.69200","15.39897","0.00996"
"94.69800","15.39945","0.00993"
"94.70400","15.39993","0.01002"
"94.71000","15.40047","0.01005"
"94.71600","15.40095","0.01007"
"94.72200","15.40149","0.01010"
"94.72800","15.40196","0.01019"
"94.73400","15.40244","0.01022"
"94.74000","15.40298","0.01027"
"94.74600","15.40346","0.01028"
"94.75200","15.40400","0.01027"
"94.75800","15.40448","0.01025"
"94.76400","15.40501","0.01015"
"94.77000","15.40549","0.01016"
"94.77600","15.40603","0.01026"
"94.78200","15.40651","0.01030"
"94.78800","15.40705","0.01030"
"94.79400","15.40752","0.01029"
"94.80000","15.40806","0.01029"
"94.80600","15.40854","0.01035"
"94.81200","15.40902","0.01036"
"94.81800","15.40950","0.01031"
"94.82400","15.41004","0.01027"
"94.83000","15.41051","0.01014"
"94.83600","15.41099","0.00996"
"94.84200","15.41147","0.00991"
"94.84800","15.41195","0.00990"
"94.85400","15.41243","0.00990"
"94.86000","15.41296","0.00990"
"94.86600","15.41344","0.00989"
"94.87200","15.41392","0.00986"
"94.87800","15.41446","0.00988"
"94.88400","15.41494","0.01006"
"94.89000","15.41548","0.01025"
"94.89600","15.41595","0.01024"
"94.90200","15.41643","0.01020"
"94.90800","15.41697","0.01024"
"94.91400","15.41745","0.01028"
"94.92000","15.41799","0.01033"
"94.92600","15.41847","0.01044"
"94.93200","15.41900","0.01048"
"94.93800","15.41948","0.01047"
"94.94400","15.41996","0.01042"
"94.95000","15.42050","0.01042"
"94.95600","15.42098","0.01042"
"94.96200","15.42145","0.01034"
"94.96800","15.42193","0.01020"
"94.97400","15.42241","0.01009"
"94.98000","15.42295","0.01003"
"94.98600","15.42343","0.01001"
"94.99200","15.42397","0.01010"
"94.99800","15.42444","0.01008"
"95.00400","15.42492","0.01008"
"95.01000","15.42546","0.01006"
"95.01600","15.42594","0.01001"
"95.02200","15.42642","0.01003"
"95.02800","15.42696","0.01004"
"95.03400","15.42743","0.01003"
"95.04000","15.42797","0.01008"
"95.04600","15.42845","0.01013"
"95.05200","15.42893","0.01016"
"95.05800","15.42947","0.01028"
"95.06400","15.42995","0.01030"
"95.07000","15.43042","0.01032"
"95.07600","15.43096","0.01032"
"95.08200","15.43144","0.01025"
"95.08800","15.43192","0.01036"
"95.09400","15.43246","0.01041"
"95.10000","15.43293","0.01036"
"95.10600","15.43341","0.01033"
"95.11200","15.43395","0.01019"
"95.11800","15.43443","0.01012"
"95.12400","15.43491","0.01015"
"95.13000","15.43545","0.01023"
"95.13600","15.43592","0.01035"
"95.14200","15.43640","0.01048"
"95.14800","15.43688","0.01048"
"95.15400","15.43742","0.01049"
"95.16000","15.43790","0.01053"
"95.16600","15.43838","0.01052"
"95.17200","15.43891","0.01045"
"95.17800","15.43939","0.01038"
"95.18400","15.43993","0.01032"
"95.19000","15.44047","0.01034"
"95.19600","15.44095","0.01028"
"95.20200","15.44148","0.01026"
"95.20800","15.44196","0.01031"
"95.21400","15.44250","0.01033"
"95.22000","15.44298","0.01037"
"95.22600","15.44346","0.01035"
"95.23200","15.44400","0.01034"
"95.23800","15.44447","0.01033"
"95.24400","15.44501","0.01031"
"95.25000","15.44549","0.01025"
"95.25600","15.44597","0.01020"
"95.26200","15.44651","0.01010"
"95.26800","15.44699","0.01008"
"95.27400","15.44752","0.01010"
"95.28000","15.44800","0.01008"
"95.28600","15.44854","0.01013"
"95.29200","15.44902","0.01015"
"95.29800","15.44950","0.01006"
"95.30400","15.44998","0.00998"
"95.31000","15.45051","0.00995"
"95.31600","15.45099","0.00999"
"95.32200","15.45147","0.01009"
"95.32800","15.45201","0.01015"
"95.33400","15.45249","0.01010"
"95.34000","15.45302","0.01011"
"95.34600","15.45350","0.01005"
"95.35200","15.45398","0.01001"
"95.35800","15.45452","0.01003"
"95.36400","15.45500","0.01000"
"95.37000","15.45547","0.00997"
"95.37600","15.45601","0.00997"
"95.38200","15.45649","0.00999"
"95.38800","15.45697","0.01013"
"95.39400","15.45751","0.01015"
"95.40000","15.45799","0.01016"
"95.40600","15.45846","0.01026"
"95.41200","15.45900","0.01023"
"95.41800","15.45948","0.01019"
"95.42400","15.45996","0.01024"
"95.43000","15.46050","0.01026"
"95.43600","15.46098","0.01018"
"95.44200","15.46151","0.01010"
"95.44800","15.46199","0.01005"
"95.45400","15.46247","0.01010"
"95.46000","15.46301","0.01022"
"95.46600","15.46349","0.01028"
"95.47200","15.46397","0.01028"
"95.47800","15.46450","0.01016"
"95.48400","15.46498","0.01005"
"95.49000","15.46546","0.01007"
"95.49600","15.46600","0.01011"
"95.50200","15.46648","0.01011"
"95.50800","15.46701","0.01015"
"95.51400","15.46749","0.01015"
"95.52000","15.46797","0.01021"
"95.52600","15.46851","0.01031"
"95.53200","15.46899","0.01035"
"95.53800","15.46953","0.01050"
"95.54400","15.47000","0.01054"
"95.55000","15.47048","0.01046"
"95.55600","15.47096","0.01045"
"95.56200","15.47150","0.01036"
"95.56800","15.47198","0.01024"
"95.57400","15.47246","0.01021"
"95.58000","15.47293","0.01014"
"95.58600","15.47347","0.01009"
"95.59200","15.47395","0.01003"
"95.59800","15.47449","0.00999"
"95.60400","15.47497","0.00998"
"95.61000","15.47550","0.00990"
"95.61600","15.47598","0.00980"
"95.62200","15.47646","0.00980"
"95.62800","15.47700","0.00984"
"95.63400","15.47748","0.00990"
"95.64000","15.47801","0.00999"
"95.64600","15.47849","0.01003"
"95.65200","15.47897","0.01009"
"95.65800","15.47951","0.01014"
"95.66400","15.47999","0.01014"
"95.67000","15.48047","0.01014"
"95.67600","15.48100","0.01010"
"95.68200","15.48148","0.00998"
"95.68800","15.48196","0.01000"
"95.69400","15.48250","0.01003"
"95.70000","15.48298","0.01006"
"95.70600","15.48346","0.01018"
"95.71200","15.48394","0.01020"
"95.71800","15.48447","0.01013"
"95.72400","15.48495","0.01013"
"95.73000","15.48543","0.01013"
"95.73600","15.48597","0.01017"
"95.74200","15.48645","0.01024"
"95.74800","15.48698","0.01025"
"95.75400","15.48746","0.01020"
"95.76000","15.48794","0.01020"
"95.76600","15.48848","0.01022"
"95.77200","15.48896","0.01021"
"95.77800","15.48950","0.01017"
"95.78400","15.48997","0.01013"
"95.79000","15.49051","0.01013"
"95.79600","15.49099","0.01015"
"95.80200","15.49147","0.01014"
"95.80800","15.49201","0.01017"
"95.81400","15.49249","0.01005"
"95.82000","15.49302","0.00997"
"95.82600","15.49350","0.00996"
"95.83200","15.49398","0.00993"
"95.83800","15.49452","0.00992"
"95.84400","15.49500","0.00993"
"95.85000","15.49547","0.01002"
"95.85600","15.49601","0.01010"
"95.86200","15.49649","0.01007"
"95.86800","15.49697","0.01003"
"95.87400","15.49751","0.01002"
"95.88000","15.49798","0.01002"
"95.88600","15.49846","0.01003"
"95.89200","15.49900","0.01004"
"95.89800","15.49948","0.01002"
"95.90400","15.50002","0.01001"
"95.91000","15.50050","0.01001"
"95.91600","15.50097","0.00999"
"95.92200","15.50151","0.01006"
"95.92800","15.50199","0.01006"
"95.93400","15.50247","0.01005"
"95.94000","15.50301","0.01010"
"95.94600","15.50349","0.01008"
"95.95200","15.50396","0.01010"
"95.95800","15.50450","0.01014"
"95.96400","15.50498","0.01008"
"95.97000","15.50546","0.01007"
"95.97600","15.50600","0.01013"
"95.98200","15.50648","0.01016"
"95.98800","15.50695","0.01020"
"95.99400","15.50749","0.01028"
"96.00000","15.50797","0.01037"
"96.00600","15.50845","0.01044"
"96.01200","15.50899","0.01043"
"96.01800","15.50947","0.01034"
"96.02400","15.51000","0.01021"
"96.03000","15.51048","0.01018"
"96.03600","15.51096","0.01012"
"96.04200","15.51150","0.01003"
"96.04800","15.51198","0.00998"
"96.05400","15.51251","0.01004"
"96.06000","15.51299","0.01012"
"96.06600","15.51353","0.01017"
"96.07200","15.51401","0.01025"
"96.07800","15.51449","0.01022"
"96.08400","15.51503","0.01017"
"96.09000","15.51550","0.01015"
"96.09600","15.51598","0.01017"
"96.10200","15.51646","0.01020"
"96.10800","15.51700","0.01021"
"96.11400","15.51748","0.01018"
"96.12000","15.51796","0.01021"
"96.12600","15.51843","0.01022"
"96.13200","15.51891","0.01020"
"96.13800","15.51945","0.01017"
"96.14400","15.51993","0.01016"
"96.15000","15.52041","0.01012"
"96.15600","15.52089","0.01017"
"96.16200","15.52142","0.01022"
"96.16800","15.52190","0.01035"
"96.17400","15.52244","0.01051"
"96.18000","15.52292","0.01053"
"96.18600","15.52340","0.01050"
"96.19200","15.52393","0.01042"
"96.19800","15.52441","0.01039"
"96.20400","15.52495","0.01044"
"96.21000","15.52543","0.01037"
"96.21600","15.52591","0.01026"
"96.22200","15.52645","0.01023"
"96.22800","15.52692","0.01025"
"96.23400","15.52740","0.01032"
"96.24000","15.52794","0.01048"
"96.24600","15.52842","0.01049"
"96.25200","15.52890","0.01042"
"96.25800","15.52944","0.01034"
"96.26400","15.52991","0.01027"
"96.27000","15.53045","0.01029"
"96.27600","15.53093","0.01042"
"96.28200","15.53147","0.01052"
"96.28800","15.53195","0.01053"
"96.29400","15.53242","0.01053"
"96.30000","15.53296","0.01040"
"96.30600","15.53344","0.01033"
"96.31200","15.53398","0.01025"
"96.31800","15.53446","0.01018"
"96.32400","15.53500","0.01026"
"96.33000","15.53553","0.01026"
"96.33600","15.53601","0.01027"
"96.34200","15.53655","0.01032"
"96.34800","15.53703","0.01038"
"96.35400","15.53757","0.01046"
"96.36000","15.53804","0.01050"
"96.36600","15.53852","0.01047"
"96.37200","15.53906","0.01043"
"96.37800","15.53954","0.01039"
"96.38400","15.54002","0.01038"
"96.39000","15.54056","0.01042"
"96.39600","15.54103","0.01045"
"96.40200","15.54151","0.01052"
"96.40800","15.54205","0.01051"
"96.41400","15.54253","0.01037"
"96.42000","15.54301","0.01034"
"96.42600","15.54348","0.01034"
"96.43200","15.54402","0.01035"
"96.43800","15.54450","0.01038"
"96.44400","15.54498","0.01039"
"96.45000","15.54546","0.01042"
"96.45600","15.54600","0.01047"
"96.46200","15.54647","0.01043"
"96.46800","15.54701","0.01030"
"96.47400","15.54749","0.01021"
"96.48000","15.54803","0.01017"
"96.48600","15.54851","0.01017"
"96.49200","15.54904","0.01024"
"96.49800","15.54952","0.01031"
"96.50400","15.55006","0.01031"
"96.51000","15.55054","0.01032"
"96.51600","15.55102","0.01031"
"96.52200","15.55150","0.01040"
"96.52800","15.55198","0.01049"
"96.53400","15.55251","0.01051"
"96.54000","15.55299","0.01050"
"96.54600","15.55347","0.01034"
"96.55200","15.55401","0.01016"
"96.55800","15.55449","0.01012"
"96.56400","15.55496","0.01019"
"96.57000","15.55550","0.01027"
"96.57600","15.55598","0.01029"
"96.58200","15.55646","0.01025"
"96.58800","15.55700","0.01017"
"96.59400","15.55748","0.01008"
"96.60000","15.55795","0.01005"
"96.60600","15.55849","0.01011"
"96.61200","15.55897","0.01010"
"96.61800","15.55951","0.01004"
"96.62400","15.55999","0.01001"
"96.63000","15.56052","0.01001"
"96.63600","15.56100","0.01010"
"96.64200","15.56154","0.01020"
"96.64800","15.56202","0.01020"
"96.65400","15.56256","0.01014"
"96.66000","15.56304","0.01002"
"96.66600","15.56351","0.00994"
"96.67200","15.56399","0.00998"
"96.67800","15.56447","0.00995"
"96.68400","15.56495","0.00991"
"96.69000","15.56549","0.00996"
"96.69600","15.56597","0.00998"
"96.70200","15.56644","0.01005"
"96.70800","15.56698","0.01018"
"96.71400","15.56746","0.01031"
"96.72000","15.56794","0.01041"
"96.72600","15.56848","0.01050"
"96.73200","15.56896","0.01050"
"96.73800","15.56943","0.01060"
"96.74400","15.56997","0.01070"
"96.75000","15.57045","0.01067"
"96.75600","15.57093","0.01062"
"96.76200","15.57147","0.01053"
"96.76800","15.57195","0.01042"
"96.77400","15.57248","0.01036"
"96.78000","15.57296","0.01033"
"96.78600","15.57350","0.01032"
"96.79200","15.57398","0.01025"
"96.79800","15.57452","0.01015"
"96.80400","15.57500","0.01015"
"96.81000","15.57547","0.01021"
"96.81600","15.57601","0.01022"
"96.82200","15.57649","0.01034"
"96.82800","15.57697","0.01037"
"96.83400","15.57745","0.01030"
"96.84000","15.57798","0.01030"
"96.84600","15.57846","0.01026"
"96.85200","15.57894","0.01016"
"96.85800","15.57948","0.01013"
"96.86400","15.57996","0.01006"
"96.87000","15.58050","0.01007"
"96.87600","15.58097","0.01009"
"96.88200","15.58145","0.01004"
"96.88800","15.58199","0.01003"
"96.89400","15.58247","0.01005"
"96.90000","15.58301","0.01009"
"96.90600","15.58349","0.01013"
"96.91200","15.58402","0.01009"
"96.91800","15.58456","0.01004"
"96.92400","15.58504","0.01006"
"96.93000","15.58558","0.01005"
"96.93600","15.58606","0.01000"
"96.94200","15.58653","0.00997"
"96.94800","15.58707","0.00993"
"96.95400","15.58755","0.00993"
"96.96000","15.58803","0.00994"
"96.96600","15.58851","0.00991"
"96.97200","15.58898","0.00982"
"96.97800","15.58952","0.00975"
"96.98400","15.59000","0.00970"
"96.99000","15.59048","0.00974"
"96.99600","15.59096","0.00977"
"97.00200","15.59150","0.00983"
"97.00800","15.59197","0.00989"
"97.01400","15.59245","0.00985"
"97.02000","15.59293","0.00984"
"97.02600","15.59347","0.00990"
"97.03200","15.59395","0.01004"
"97.03800","15.59449","0.01019"
"97.04400","15.59496","0.01024"
"97.05000","15.59550","0.01023"
"97.05600","15.59604","0.01026"
"97.06200","15.59652","0.01029"
"97.06800","15.59700","0.01028"
"97.07400","15.59753","0.01031"
"97.08000","15.59801","0.01025"
"97.08600","15.59855","0.01016"
"97.09200","15.59903","0.01002"
"97.09800","15.59951","0.00993"
"97.10400","15.59999","0.00995"
"97.11000","15.60052","0.00995"
"97.11600","15.60100","0.00995"
"97.12200","15.60148","0.01004"
"97.12800","15.60202","0.01012"
"97.13400","15.60250","0.01013"
"97.14000","15.60298","0.01018"
"97.14600","15.60345","0.01021"
"97.15200","15.60393","0.01012"
"97.15800","15.60447","0.01008"
"97.16400","15.60495","0.01006"
"97.17000","15.60543","0.01007"
"97.17600","15.60597","0.01000"
"97.18200","15.60644","0.00983"
"97.18800","15.60698","0.00977"
"97.19400","15.60746","0.00978"
"97.20000","15.60794","0.00981"
"97.20600","15.60848","0.00997"
"97.21200","15.60896","0.01007"
"97.21800","15.60949","0.01014"
"97.22400","15.60997","0.01018"
"97.23000","15.61045","0.01016"
"97.23600","15.61093","0.01010"
"97.24200","15.61141","0.01011"
"97.24800","15.61195","0.01016"
"97.25400","15.61242","0.01009"
"97.26000","15.61290","0.00996"
"97.26600","15.61344","0.00980"
"97.27200","15.61392","0.00975"
"97.27800","15.61440","0.00980"
"97.28400","15.61487","0.00988"
"97.29000","15.61541","0.00997"
"97.29600","15.61589","0.01007"
"97.30200","15.61637","0.01017"
"97.30800","15.61691","0.01024"
"97.31400","15.61739","0.01032"
"97.32000","15.61792","0.01038"
"97.32600","15.61840","0.01038"
"97.33200","15.61894","0.01040"
"97.33800","15.61942","0.01037"
"97.34400","15.61996","0.01033"
"97.35000","15.62049","0.01030"
"97.35600","15.62097","0.01032"
"97.36200","15.62145","0.01029"
"97.36800","15.62199","0.01025"
"97.37400","15.62247","0.01018"
"97.38000","15.62301","0.01011"
"97.38600","15.62348","0.01014"
"97.39200","15.62396","0.01022"
"97.39800","15.62450","0.01022"
"97.40400","15.62498","0.01024"
"97.41000","15.62552","0.01021"
"97.41600","15.62599","0.01014"
"97.42200","15.62647","0.01017"
"97.42800","15.62701","0.01024"
"97.43400","15.62749","0.01031"
"97.44000","15.62797","0.01042"
"97.44600","15.62851","0.01042"
"97.45200","15.62898","0.01033"
"97.45800","15.62946","0.01025"
"97.46400","15.63000","0.01013"
"97.47000","15.63048","0.01005"
"97.47600","15.63102","0.00998"
"97.48200","15.63150","0.00990"
"97.48800","15.63203","0.00992"
"97.49400","15.63251","0.00993"
"97.50000","15.63305","0.01001"
"97.50600","15.63353","0.01012"
"97.51200","15.63401","0.01015"
"97.51800","15.63454","0.01011"
"97.52400","15.63502","0.01009"
"97.53000","15.63550","0.01003"
"97.53600","15.63598","0.00997"
"97.54200","15.63652","0.00989"
"97.54800","15.63700","0.00979"
"97.55400","15.63747","0.00975"
"97.56000","15.63801","0.00976"
"97.56600","15.63849","0.00990"
"97.57200","15.63897","0.01015"
"97.57800","15.63951","0.01029"
"97.58400","15.63999","0.01025"
"97.59000","15.64046","0.01020"
"97.59600","15.64100","0.01017"
"97.60200","15.64148","0.01016"
"97.60800","15.64202","0.01017"
"97.61400","15.64250","0.01010"
"97.62000","15.64303","0.01002"
"97.62600","15.64351","0.00999"
"97.63200","15.64405","0.01002"
"97.63800","15.64453","0.01009"
"97.64400","15.64501","0.01012"
"97.65000","15.64555","0.01012"
"97.65600","15.64602","0.01011"
"97.66200","15.64650","0.01017"
"97.66800","15.64704","0.01021"
"97.67400","15.64752","0.01028"
"97.68000","15.64800","0.01029"
"97.68600","15.64847","0.01027"
"97.69200","15.64901","0.01019"
"97.69800","15.64949","0.01010"
"97.70400","15.64997","0.01014"
"97.71000","15.65051","0.01024"
"97.71600","15.65099","0.01026"
"97.72200","15.65146","0.01028"
"97.72800","15.65194","0.01031"
"97.73400","15.65248","0.01024"
"97.74000","15.65296","0.01028"
"97.74600","15.65344","0.01036"
"97.75200","15.65398","0.01035"
"97.75800","15.65445","0.01025"
"97.76400","15.65499","0.01013"
"97.77000","15.65547","0.01008"
"97.77600","15.65595","0.01018"
"97.78200","15.65649","0.01028"
"97.78800","15.65697","0.01039"
"97.79400","15.65744","0.01047"
"97.80000","15.65798","0.01047"
"97.80600","15.65846","0.01049"
"97.81200","15.65894","0.01052"
"97.81800","15.65942","0.01058"
"97.82400","15.65995","0.01056"
"97.83000","15.66043","0.01047"
"97.83600","15.66097","0.01038"
"97.84200","15.66145","0.01029"
"97.84800","15.66193","0.01021"
"97.85400","15.66247","0.01021"
"97.86000","15.66294","0.01022"
"97.86600","15.66342","0.01015"
"97.87200","15.66396","0.01006"
"97.87800","15.66444","0.00997"
"97.88400","15.66492","0.00989"
"97.89000","15.66545","0.00994"
"97.89600","15.66593","0.01007"
"97.90200","15.66647","0.01013"
"97.90800","15.66695","0.01013"
"97.91400","15.66749","0.01007"
"97.92000","15.66797","0.01008"
"97.92600","15.66850","0.01024"
"97.93200","15.66898","0.01032"
"97.93800","15.66946","0.01035"
"97.94400","15.67000","0.01037"
"97.95000","15.67048","0.01031"
"97.95600","15.67101","0.01024"
"97.96200","15.67149","0.01019"
"97.96800","15.67197","0.01019"
"97.97400","15.67251","0.01019"
"97.98000","15.67299","0.01017"
"97.98600","15.67353","0.01020"
"97.99200","15.67400","0.01017"
"97.99800","15.67454","0.01008"
"98.00400","15.67502","0.01006"
"98.01000","15.67550","0.01006"
"98.01600","15.67604","0.01004"
"98.02200","15.67652","0.01008"
"98.02800","15.67699","0.01007"
"98.03400","15.67753","0.01016"
"98.04000","15.67801","0.01030"
"98.04600","15.67849","0.01043"
"98.05200","15.67903","0.01045"
"98.05800","15.67951","0.01045"
"98.06400","15.68004","0.01044"
"98.07000","15.68052","0.01045"
"98.07600","15.68100","0.01047"
"98.08200","15.68154","0.01038"
"98.08800","15.68202","0.01028"
"98.09400","15.68249","0.01022"
"98.10000","15.68303","0.01019"
"98.10600","15.68351","0.01031"
"98.11200","15.68399","0.01044"
"98.11800","15.68447","0.01048"
"98.12400","15.68501","0.01058"
"98.13000","15.68548","0.01067"
"98.13600","15.68596","0.01075"
"98.14200","15.68650","0.01083"
"98.14800","15.68698","0.01082"
"98.15400","15.68746","0.01079"
"98.16000","15.68800","0.01066"
"98.16600","15.68847","0.01043"
"98.17200","15.68901","0.01029"
"98.17800","15.68949","0.01027"
"98.18400","15.69003","0.01024"
"98.19000","15.69051","0.01018"
"98.19600","15.69105","0.01006"
"98.20200","15.69152","0.00997"
"98.20800","15.69200","0.00993"
"98.21400","15.69254","0.00993"
"98.22000","15.69302","0.00993"
"98.22600","15.69356","0.00994"
"98.23200","15.69404","0.00988"
"98.23800","15.69451","0.00984"
"98.24400","15.69505","0.00992"
"98.25000","15.69553","0.01004"
"98.25600","15.69601","0.01018"
"98.26200","15.69649","0.01024"
"98.26800","15.69697","0.01024"
"98.27400","15.69744","0.01026"
"98.28000","15.69798","0.01030"
"98.28600","15.69846","0.01031"
"98.29200","15.69894","0.01028"
"98.29800","15.69948","0.01018"
"98.30400","15.69995","0.01012"
"98.31000","15.70043","0.01011"
"98.31600","15.70097","0.01004"
"98.32200","15.70145","0.01007"
"98.32800","15.70199","0.01015"
"98.33400","15.70247","0.01014"
"98.34000","15.70294","0.01012"
"98.34600","15.70348","0.01008"
"98.35200","15.70396","0.01006"
"98.35800","15.70444","0.01013"
"98.36400","15.70498","0.01018"
"98.37000","15.70545","0.01015"
"98.37600","15.70593","0.01012"
"98.38200","15.70641","0.01005"
"98.38800","15.70689","0.01011"
"98.39400","15.70743","0.01017"
"98.40000","15.70791","0.01011"
"98.40600","15.70838","0.01013"
"98.41200","15.70892","0.01012"
"98.41800","15.70940","0.01012"
"98.42400","15.70994","0.01025"
"98.43000","15.71042","0.01029"
"98.43600","15.71090","0.01033"
"98.44200","15.71143","0.01034"
"98.44800","15.71191","0.01027"
"98.45400","15.71245","0.01027"
"98.46000","15.71293","0.01031"
"98.46600","15.71347","0.01025"
"98.47200","15.71395","0.01015"
"98.47800","15.71448","0.01006"
"98.48400","15.71502","0.01003"
"98.49000","15.71550","0.00999"
"98.49600","15.71604","0.00995"
"98.50200","15.71652","0.00995"
"98.50800","15.71705","0.01004"
"98.51400","15.71753","0.01004"
"98.52000","15.71801","0.01006"
"98.52600","15.71855","0.01018"
"98.53200","15.71903","0.01028"
"98.53800","15.71951","0.01036"
"98.54400","15.71998","0.01039"
"98.55000","15.72052","0.01032"
"98.55600","15.72100","0.01027"
"98.56200","15.72154","0.01014"
"98.56800","15.72202","0.01005"
"98.57400","15.72249","0.01009"
"98.58000","15.72303","0.01011"
"98.58600","15.72351","0.01010"
"98.59200","15.72399","0.01010"
"98.59800","15.72453","0.01019"
"98.60400","15.72501","0.01029"
"98.61000","15.72548","0.01040"
"98.61600","15.72602","0.01044"
"98.62200","15.72650","0.01050"
"98.62800","15.72704","0.01053"
"98.63400","15.72752","0.01048"
"98.64000","15.72806","0.01052"
"98.64600","15.72853","0.01058"
"98.65200","15.72907","0.01064"
"98.65800","15.72955","0.01068"
"98.66400","15.73003","0.01062"
"98.67000","15.73051","0.01050"
"98.67600","15.73104","0.01041"
"98.68200","15.73152","0.01034"
"98.68800","15.73200","0.01043"
"98.69400","15.73248","0.01048"
"98.70000","15.73302","0.01043"
"98.70600","15.73350","0.01041"
"98.71200","15.73403","0.01039"
"98.71800","15.73451","0.01046"
"98.72400","15.73499","0.01055"
"98.73000","15.73553","0.01055"
"98.73600","15.73601","0.01051"
"98.74200","15.73648","0.01041"
"98.74800","15.73702","0.01028"
"98.75400","15.73750","0.01028"
"98.76000","15.73798","0.01035"
"98.76600","15.73852","0.01032"
"98.77200","15.73900","0.01030"
"98.77800","15.73947","0.01031"
"98.78400","15.74001","0.01035"
"98.79000","15.74049","0.01042"
"98.79600","15.74103","0.01045"
"98.80200","15.74151","0.01037"
"98.80800","15.74199","0.01026"
"98.81400","15.74252","0.01015"
"98.82000","15.74300","0.01011"
"98.82600","15.74348","0.01008"
"98.83200","15.74402","0.00998"
"98.83800","15.74450","0.00990"
"98.84400","15.74498","0.00995"
"98.85000","15.74551","0.00995"
"98.85600","15.74599","0.00996"
"98.86200","15.74647","0.01004"
"98.86800","15.74701","0.01013"
"98.87400","15.74749","0.01011"
"98.88000","15.74796","0.00998"
"98.88600","15.74850","0.00987"
"98.89200","15.74898","0.00987"
"98.89800","15.74946","0.00987"
"98.90400","15.74994","0.00994"
"98.91000","15.75047","0.01004"
"98.91600","15.75095","0.01007"
"98.92200","15.75143","0.01008"
"98.92800","15.75197","0.01008"
"98.93400","15.75245","0.01005"
"98.94000","15.75299","0.00994"
"98.94600","15.75346","0.00978"
"98.95200","15.75394","0.00967"
"98.95800","15.75448","0.00967"
"98.96400","15.75496","0.00961"
"98.97000","15.75544","0.00963"
"98.97600","15.75598","0.00970"
"98.98200","15.75645","0.00967"
"98.98800","15.75699","0.00976"
"98.99400","15.75747","0.00984"
"99.00000","15.75795","0.00994"
"99.00600","15.75849","0.00997"
"99.01200","15.75897","0.00989"
"99.01800","15.75950","0.00990"
"99.02400","15.75998","0.00995"
"99.03000","15.76046","0.00994"
"99.03600","15.76100","0.00997"
"99.04200","15.76148","0.01008"
"99.04800","15.76195","0.01019"
"99.05400","15.76249","0.01029"
"99.06000","15.76297","0.01043"
"99.06600","15.76345","0.01044"
"99.07200","15.76399","0.01033"
"99.07800","15.76447","0.01020"
"99.08400","15.76494","0.01019"
"99.09000","15.76548","0.01028"
"99.09600","15.76596","0.01031"
"99.10200","15.76650","0.01034"
"99.10800","15.76698","0.01036"
"99.11400","15.76752","0.01023"
"99.12000","15.76799","0.01010"
"99.12600","15.76853","0.01003"
"99.13200","15.76901","0.01000"
"99.13800","15.76955","0.01000"
"99.14400","15.77003","0.01001"
"99.15000","15.77051","0.01003"
"99.15600","15.77104","0.01009"
"99.16200","15.77152","0.01010"
"99.16800","15.77200","0.01006"
"99.17400","15.77254","0.01006"
"99.18000","15.77302","0.01004"
"99.18600","15.77350","0.01004"
"99.19200","15.77403","0.01006"
"99.19800","15.77451","0.01003"
"99.20400","15.77499","0.00999"
"99.21000","15.77553","0.01004"
"99.21600","15.77601","0.01010"
"99.22200","15.77654","0.01017"
"99.22800","15.77702","0.01013"
"99.23400","15.77750","0.01004"
"99.24000","15.77798","0.00993"
"99.24600","15.77852","0.00979"
"99.25200","15.77900","0.00980"
"99.25800","15.77947","0.00991"
"99.26400","15.78001","0.00987"
"99.27000","15.78049","0.00970"
"99.27600","15.78097","0.00955"
"99.28200","15.78151","0.00950"
"99.28800","15.78199","0.00970"
"99.29400","15.78252","0.00998"
"99.30000","15.78300","0.01009"
"99.30600","15.78348","0.01014"
"99.31200","15.78402","0.01016"
"99.31800","15.78450","0.01022"
"99.32400","15.78498","0.01035"
"99.33000","15.78545","0.01044"
"99.33600","15.78599","0.01051"
"99.34200","15.78647","0.01052"
"99.34800","15.78695","0.01040"
"99.35400","15.78749","0.01035"
"99.36000","15.78796","0.01041"
"99.36600","15.78844","0.01038"
"99.37200","15.78892","0.01030"
"99.37800","15.78946","0.01029"
"99.38400","15.78994","0.01026"
"99.39000","15.79042","0.01032"
"99.39600","15.79095","0.01036"
"99.40200","15.79143","0.01040"
"99.40800","15.79197","0.01035"
"99.41400","15.79245","0.01018"
"99.42000","15.79299","0.01009"
"99.42600","15.79346","0.01013"
"99.43200","15.79394","0.01011"
"99.43800","15.79448","0.01003"
"99.44400","15.79496","0.00996"
"99.45000","15.79544","0.00993"
"99.45600","15.79592","0.00994"
"99.46200","15.79645","0.00994"
"99.46800","15.79693","0.00999"
"99.47400","15.79741","0.01003"
"99.48000","15.79795","0.00999"
"99.48600","15.79843","0.00991"
"99.49200","15.79891","0.00981"
"99.49800","15.79944","0.00968"
"99.50400","15.79998","0.00969"
"99.51000","15.80046","0.00984"
"99.51600","15.80094","0.00990"
"99.52200","15.80148","0.00991"
"99.52800","15.80196","0.00990"
"99.53400","15.80243","0.00993"
"99.54000","15.80297","0.01003"
"99.54600","15.80345","0.01007"
"99.55200","15.80399","0.01010"
"99.55800","15.80447","0.01013"
"99.56400","15.80494","0.01008"
"99.57000","15.80548","0.01012"
"99.57600","15.80596","0.01034"
"99.58200","15.80650","0.01051"
"99.58800","15.80698","0.01050"
"99.59400","15.80752","0.01045"
"99.60000","15.80799","0.01038"
"99.60600","15.80847","0.01036"
"99.61200","15.80895","0.01033"
"99.61800","15.80949","0.01027"
"99.62400","15.80997","0.01036"
"99.63000","15.81050","0.01037"
"99.63600","15.81098","0.01034"
"99.64200","15.81152","0.01035"
"99.64800","15.81200","0.01034"
"99.65400","15.81248","0.01036"
"99.66000","15.81301","0.01036"
"99.66600","15.81349","0.01033"
"99.67200","15.81397","0.01023"
"99.67800","15.81451","0.01013"
"99.68400","15.81499","0.01012"
"99.69000","15.81553","0.01026"
"99.69600","15.81600","0.01027"
"99.70200","15.81648","0.01025"
"99.70800","15.81702","0.01029"
"99.71400","15.81750","0.01035"
"99.72000","15.81804","0.01047"
"99.72600","15.81852","0.01063"
"99.73200","15.81899","0.01065"
"99.73800","15.81953","0.01063"
"99.74400","15.82001","0.01060"
"99.75000","15.82055","0.01055"
"99.75600","15.82103","0.01054"
"99.76200","15.82151","0.01052"
"99.76800","15.82204","0.01052"
"99.77400","15.82252","0.01052"
"99.78000","15.82300","0.01046"
"99.78600","15.82354","0.01045"
"99.79200","15.82402","0.01045"
"99.79800","15.82455","0.01041"
"99.80400","15.82503","0.01036"
"99.81000","15.82551","0.01028"
"99.81600","15.82605","0.01016"
"99.82200","15.82653","0.01013"
"99.82800","15.82701","0.01017"
"99.83400","15.82754","0.01030"
"99.84000","15.82802","0.01046"
"99.84600","15.82850","0.01050"
"99.85200","15.82898","0.01042"
"99.85800","15.82952","0.01034"
"99.86400","15.83000","0.01031"
"99.87000","15.83053","0.01034"
"99.87600","15.83101","0.01039"
"99.88200","15.83149","0.01040"
"99.88800","15.83203","0.01039"
"99.89400","15.83251","0.01042"
"99.90000","15.83298","0.01046"
"99.90600","15.83352","0.01051"
"99.91200","15.83400","0.01050"
"99.91800","15.83448","0.01043"
"99.92400","15.83502","0.01038"
"99.93000","15.83550","0.01035"
"99.93600","15.83603","0.01039"
"99.94200","15.83651","0.01048"
"99.94800","15.83705","0.01043"
"99.95400","15.83753","0.01033"
"99.96000","15.83801","0.01030"
"99.96600","15.83855","0.01023"
"99.97200","15.83902","0.01019"
"99.97800","15.83950","0.01019"
"99.98400","15.83998","0.01021"
"99.99000","15.84052","0.01020"
"99.99600","15.84100","0.01010"
"100.00200","15.84147","0.01005"
"100.00800","15.84195","0.01012"
"100.01400","15.84243","0.01006"
"100.02000","15.84297","0.01000"
"100.02600","15.84345","0.01002"
"100.03200","15.84393","0.01005"
"100.03800","15.84446","0.01015"
"100.04400","15.84494","0.01037"
"100.05000","15.84548","0.01048"
"100.05600","15.84596","0.01046"
"100.06200","15.84644","0.01032"
"100.06800","15.84698","0.01022"
"100.07400","15.84751","0.01021"
"100.08000","15.84799","0.01024"
"100.08600","15.84847","0.01032"
"100.09200","15.84901","0.01034"
"100.09800","15.84949","0.01021"
"100.10400","15.84997","0.01017"
"100.11000","15.85050","0.01020"
"100.11600","15.85098","0.01025"
"100.12200","15.85146","0.01032"
"100.12800","15.85200","0.01038"
"100.13400","15.85248","0.01027"
"100.14000","15.85302","0.01024"
"100.14600","15.85349","0.01022"
"100.15200","15.85403","0.01017"
"100.15800","15.85451","0.01017"
"100.16400","15.85499","0.01017"
"100.17000","15.85553","0.01018"
"100.17600","15.85601","0.01022"
"100.18200","15.85654","0.01032"
"100.18800","15.85702","0.01034"
"100.19400","15.85750","0.01031"
"100.20000","15.85804","0.01021"
"100.20600","15.85852","0.01013"
"100.21200","15.85905","0.01012"
"100.21800","15.85953","0.01025"
"100.22400","15.86007","0.01058"
"100.23000","15.86055","0.01074"
"100.23600","15.86109","0.01079"
"100.24200","15.86157","0.01081"
"100.24800","15.86204","0.01074"
"100.25400","15.86252","0.01069"
"100.26000","15.86306","0.01074"
"100.26600","15.86354","0.01075"
"100.27200","15.86402","0.01069"
"100.27800","15.86455","0.01060"
"100.28400","15.86503","0.01050"
"100.29000","15.86551","0.01054"
"100.29600","15.86605","0.01063"
"100.30200","15.86653","0.01063"
"100.30800","15.86701","0.01053"
"100.31400","15.86754","0.01028"
"100.32000","15.86802","0.01009"
"100.32600","15.86850","0.01004"
"100.33200","15.86898","0.01010"
"100.33800","15.86952","0.01017"
"100.34400","15.87000","0.01019"
"100.35000","15.87053","0.01019"
"100.35600","15.87101","0.01025"
"100.36200","15.87155","0.01027"
"100.36800","15.87203","0.01028"
"100.37400","15.87257","0.01028"
"100.38000","15.87304","0.01025"
"100.38600","15.87358","0.01020"
"100.39200","15.87406","0.01016"
"100.39800","15.87454","0.01017"
"100.40400","15.87502","0.01026"
"100.41000","15.87556","0.01034"
"100.41600","15.87603","0.01031"
"100.42200","15.87651","0.01027"
"100.42800","15.87699","0.01028"
"100.43400","15.87747","0.01029"
"100.44000","15.87795","0.01034"
"100.44600","15.87849","0.01041"
"100.45200","15.87896","0.01036"
"100.45800","15.87944","0.01026"
"100.46400","15.87998","0.01021"
"100.47000","15.88046","0.01018"
"100.47600","15.88100","0.01013"
"100.48200","15.88148","0.01007"
"100.48800","15.88195","0.01003"
"100.49400","15.88249","0.01006"
"100.50000","15.88297","0.01011"
"100.50600","15.88351","0.01026"
"100.51200","15.88399","0.01038"
"100.51800","15.88446","0.01041"
"100.52400","15.88500","0.01044"
"100.53000","15.88548","0.01033"
"100.53600","15.88596","0.01019"
"100.54200","15.88650","0.01012"
"100.54800","15.88698","0.01016"
"100.55400","15.88745","0.01025"
"100.56000","15.88793","0.01032"
"100.56600","15.88847","0.01030"
"100.57200","15.88895","0.01032"
"100.57800","15.88943","0.01038"
"100.58400","15.88997","0.01040"
"100.59000","15.89044","0.01039"
"100.59600","15.89092","0.01029"
"100.60200","15.89146","0.01023"
"100.60800","15.89194","0.01027"
"100.61400","15.89242","0.01025"
"100.62000","15.89295","0.01031"
"100.62600","15.89343","0.01046"
"100.63200","15.89397","0.01048"
"100.63800","15.89445","0.01041"
"100.64400","15.89499","0.01032"
"100.65000","15.89552","0.01029"
"100.65600","15.89600","0.01032"
"100.66200","15.89648","0.01034"
"100.66800","15.89702","0.01031"
"100.67400","15.89750","0.01029"
"100.68000","15.89804","0.01022"
"100.68600","15.89851","0.01010"
"100.69200","15.89899","0.01007"
"100.69800","15.89947","0.01004"
"100.70400","15.90001","0.01007"
"100.71000","15.90049","0.01010"
"100.71600","15.90097","0.01009"
"100.72200","15.90150","0.01026"
"100.72800","15.90198","0.01041"
"100.73400","15.90246","0.01054"
"100.74000","15.90300","0.01056"
"100.74600","15.90348","0.01050"
"100.75200","15.90396","0.01041"
"100.75800","15.90449","0.01049"
"100.76400","15.90497","0.01055"
"100.77000","15.90551","0.01055"
"100.77600","15.90599","0.01051"
"100.78200","15.90653","0.01047"
"100.78800","15.90706","0.01042"
"100.79400","15.90754","0.01041"
"100.80000","15.90808","0.01043"
"100.80600","15.90856","0.01041"
"100.81200","15.90904","0.01033"
"100.81800","15.90958","0.01021"
"100.82400","15.91005","0.01015"
"100.83000","15.91059","0.01014"
"100.83600","15.91107","0.01016"
"100.84200","15.91155","0.01024"
"100.84800","15.91203","0.01024"
"100.85400","15.91251","0.01021"
"100.86000","15.91304","0.01029"
"100.86600","15.91352","0.01035"
"100.87200","15.91400","0.01046"
"100.87800","15.91448","0.01049"
"100.88400","15.91502","0.01044"
"100.89000","15.91549","0.01043"
"100.89600","15.91597","0.01045"
"100.90200","15.91645","0.01050"
"100.90800","15.91699","0.01062"
"100.91400","15.91747","0.01066"
"100.92000","15.91800","0.01065"
"100.92600","15.91848","0.01061"
"100.93200","15.91902","0.01050"
"100.93800","15.91950","0.01044"
"100.94400","15.92004","0.01038"
"100.95000","15.92052","0.01020"
"100.95600","15.92099","0.01008"
"100.96200","15.92153","0.00998"
"100.96800","15.92201","0.00998"
"100.97400","15.92249","0.01007"
"100.98000","15.92297","0.01012"
"100.98600","15.92345","0.01014"
"100.99200","15.92392","0.01018"
"100.99800","15.92446","0.01011"
"101.00400","15.92494","0.01012"
"101.01000","15.92542","0.01025"
"101.01600","15.92596","0.01027"
"101.02200","15.92644","0.01031"
"101.02800","15.92691","0.01034"
"101.03400","15.92745","0.01030"
"101.04000","15.92793","0.01032"
"101.04600","15.92841","0.01030"
"101.05200","15.92895","0.01019"
"101.05800","15.92943","0.01011"
"101.06400","15.92996","0.01010"
"101.07000","15.93044","0.01015"
"101.07600","15.93092","0.01022"
"101.08200","15.93146","0.01033"
"101.08800","15.93200","0.01036"
"101.09400","15.93248","0.01034"
"101.10000","15.93295","0.01035"
"101.10600","15.93349","0.01048"
"101.11200","15.93397","0.01054"
"101.11800","15.93445","0.01055"
"101.12400","15.93493","0.01054"
"101.13000","15.93546","0.01044"
"101.13600","15.93594","0.01034"
"101.14200","15.93642","0.01024"
"101.14800","15.93696","0.01014"
"101.15400","15.93744","0.01011"
"101.16000","15.93798","0.01016"
"101.16600","15.93845","0.01021"
"101.17200","15.93893","0.01027"
"101.17800","15.93947","0.01032"
"101.18400","15.93995","0.01041"
"101.19000","15.94043","0.01062"
"101.19600","15.94097","0.01072"
"101.20200","15.94144","0.01071"
"101.20800","15.94198","0.01068"
"101.21400","15.94246","0.01052"
"101.22000","15.94300","0.01038"
"101.22600","15.94348","0.01040"
"101.23200","15.94402","0.01041"
"101.23800","15.94449","0.01033"
"101.24400","15.94503","0.01027"
"101.25000","15.94551","0.01018"
"101.25600","15.94599","0.01024"
"101.26200","15.94647","0.01027"
"101.26800","15.94695","0.01029"
"101.27400","15.94748","0.01027"
"101.28000","15.94796","0.01020"
"101.28600","15.94844","0.01012"
"101.29200","15.94892","0.01023"
"101.29800","15.94946","0.01036"
"101.30400","15.94993","0.01043"
"101.31000","15.95041","0.01041"
"101.31600","15.95095","0.01035"
"101.32200","15.95143","0.01037"
"101.32800","15.95191","0.01041"
"101.33400","15.95245","0.01042"
"101.34000","15.95292","0.01055"
"101.34600","15.95346","0.01066"
"101.35200","15.95394","0.01066"
"101.35800","15.95448","0.01055"
"101.36400","15.95496","0.01047"
"101.37000","15.95549","0.01046"
"101.37600","15.95597","0.01046"
"101.38200","15.95651","0.01043"
"101.38800","15.95699","0.01041"
"101.39400","15.95747","0.01040"
"101.40000","15.95795","0.01038"
"101.40600","15.95848","0.01044"
"101.41200","15.95896","0.01046"
"101.41800","15.95944","0.01039"
"101.42400","15.95998","0.01041"
"101.43000","15.96046","0.01046"
"101.43600","15.96094","0.01049"
"101.44200","15.96147","0.01049"
"101.44800","15.96195","0.01042"
"101.45400","15.96249","0.01031"
"101.46000","15.96297","0.01023"
"101.46600","15.96345","0.01022"
"101.47200","15.96398","0.01029"
"101.47800","15.96446","0.01038"
"101.48400","15.96494","0.01043"
"101.49000","15.96548","0.01047"
"101.49600","15.96596","0.01057"
"101.50200","15.96650","0.01064"
"101.50800","15.96697","0.01065"
"101.51400","15.96751","0.01066"
"101.52000","15.96799","0.01071"
"101.52600","15.96847","0.01078"
"101.53200","15.96901","0.01079"
"101.53800","15.96949","0.01080"
"101.54400","15.96996","0.01089"
"101.55000","15.97044","0.01083"
"101.55600","15.97092","0.01076"
"101.56200","15.97146","0.01074"
"101.56800","15.97194","0.01059"
"101.57400","15.97241","0.01043"
"101.58000","15.97295","0.01028"
"101.58600","15.97343","0.01022"
"101.59200","15.97391","0.01019"
"101.59800","15.97445","0.01017"
"101.60400","15.97493","0.01022"
"101.61000","15.97540","0.01026"
"101.61600","15.97588","0.01032"
"101.62200","15.97642","0.01046"
"101.62800","15.97690","0.01061"
"101.63400","15.97738","0.01064"
"101.64000","15.97792","0.01062"
"101.64600","15.97845","0.01060"
"101.65200","15.97893","0.01051"
"101.65800","15.97947","0.01052"
"101.66400","15.97995","0.01049"
"101.67000","15.98043","0.01046"
"101.67600","15.98096","0.01047"
"101.68200","15.98144","0.01038"
"101.68800","15.98198","0.01035"
"101.69400","15.98246","0.01040"
"101.70000","15.98294","0.01041"
"101.70600","15.98348","0.01039"
"101.71200","15.98395","0.01028"
"101.71800","15.98449","0.01020"
"101.72400","15.98497","0.01024"
"101.73000","15.98551","0.01035"
"101.73600","15.98599","0.01045"
"101.74200","15.98646","0.01049"
"101.74800","15.98700","0.01053"
"101.75400","15.98748","0.01045"
"101.76000","15.98802","0.01046"
"101.76600","15.98850","0.01045"
"101.77200","15.98898","0.01049"
"101.77800","15.98951","0.01051"
"101.78400","15.98999","0.01043"
"101.79000","15.99053","0.01037"
"101.79600","15.99101","0.01036"
"101.80200","15.99155","0.01038"
"101.80800","15.99203","0.01043"
"101.81400","15.99256","0.01041"
"101.82000","15.99304","0.01035"
"101.82600","15.99352","0.01037"
"101.83200","15.99400","0.01040"
"101.83800","15.99448","0.01052"
"101.84400","15.99496","0.01049"
"101.85000","15.99549","0.01037"
"101.85600","15.99597","0.01029"
"101.86200","15.99645","0.01022"
"101.86800","15.99699","0.01015"
"101.87400","15.99747","0.01024"
"101.88000","15.99794","0.01037"
"101.88600","15.99848","0.01037"
"101.89200","15.99896","0.01033"
"101.89800","15.99950","0.01024"
"101.90400","15.99998","0.01020"
"101.91000","16.00046","0.01020"
"101.91600","16.00099","0.01022"
"101.92200","16.00147","0.01031"
"101.92800","16.00201","0.01037"
"101.93400","16.00249","0.01041"
"101.94000","16.00303","0.01045"
"101.94600","16.00350","0.01054"
"101.95200","16.00404","0.01051"
"101.95800","16.00452","0.01051"
"101.96400","16.00500","0.01050"
"101.97000","16.00554","0.01047"
"101.97600","16.00602","0.01052"
"101.98200","16.00649","0.01055"
"101.98800","16.00697","0.01058"
"101.99400","16.00751","0.01059"
"102.00000","16.00799","0.01054"
"102.00600","16.00847","0.01057"
"102.01200","16.00901","0.01055"
"102.01800","16.00948","0.01051"
"102.02400","16.01002","0.01049"
"102.03000","16.01050","0.01043"
"102.03600","16.01098","0.01031"
"102.04200","16.01146","0.01028"
"102.04800","16.01200","0.01025"
"102.05400","16.01247","0.01028"
"102.06000","16.01295","0.01033"
"102.06600","16.01349","0.01030"
"102.07200","16.01397","0.01022"
"102.07800","16.01451","0.01025"
"102.08400","16.01499","0.01029"
"102.09000","16.01552","0.01047"
"102.09600","16.01600","0.01060"
"102.10200","16.01654","0.01059"
"102.10800","16.01702","0.01061"
"102.11400","16.01750","0.01057"
"102.12000","16.01797","0.01050"
"102.12600","16.01845","0.01050"
"102.13200","16.01899","0.01054"
"102.13800","16.01947","0.01061"
"102.14400","16.01995","0.01059"
"102.15000","16.02049","0.01049"
"102.15600","16.02096","0.01047"
"102.16200","16.02144","0.01047"
"102.16800","16.02192","0.01047"
"102.17400","16.02246","0.01042"
"102.18000","16.02294","0.01036"
"102.18600","16.02342","0.01026"
"102.19200","16.02395","0.01025"
"102.19800","16.02443","0.01028"
"102.20400","16.02491","0.01032"
"102.21000","16.02545","0.01036"
"102.21600","16.02599","0.01036"
"102.22200","16.02646","0.01039"
"102.22800","16.02700","0.01041"
"102.23400","16.02748","0.01040"
"102.24000","16.02802","0.01044"
"102.24600","16.02850","0.01043"
"102.25200","16.02898","0.01037"
"102.25800","16.02946","0.01037"
"102.26400","16.02999","0.01036"
"102.27000","16.03047","0.01037"
"102.27600","16.03095","0.01037"
"102.28200","16.03149","0.01034"
"102.28800","16.03197","0.01032"
"102.29400","16.03250","0.01040"
"102.30000","16.03298","0.01051"
"102.30600","16.03346","0.01060"
"102.31200","16.03400","0.01058"
"102.31800","16.03448","0.01056"
"102.32400","16.03496","0.01057"
"102.33000","16.03549","0.01063"
"102.33600","16.03597","0.01065"
"102.34200","16.03651","0.01064"
"102.34800","16.03699","0.01066"
"102.35400","16.03753","0.01065"
"102.36000","16.03800","0.01070"
"102.36600","16.03854","0.01071"
"102.37200","16.03902","0.01071"
"102.37800","16.03950","0.01069"
"102.38400","16.04004","0.01051"
"102.39000","16.04052","0.01033"
"102.39600","16.04099","0.01025"
"102.40200","16.04153","0.01009"
"102.40800","16.04201","0.01002"
"102.41400","16.04249","0.01004"
"102.42000","16.04297","0.01005"
"102.42600","16.04345","0.01009"
"102.43200","16.04398","0.01011"
"102.43800","16.04446","0.01022"
"102.44400","16.04494","0.01032"
"102.45000","16.04548","0.01038"
"102.45600","16.04596","0.01041"
"102.46200","16.04643","0.01040"
"102.46800","16.04697","0.01035"
"102.47400","16.04745","0.01035"
"102.48000","16.04793","0.01040"
"102.48600","16.04847","0.01033"
"102.49200","16.04895","0.01028"
"102.49800","16.04948","0.01019"
"102.50400","16.04996","0.01019"
"102.51000","16.05050","0.01029"
"102.51600","16.05098","0.01042"
"102.52200","16.05152","0.01061"
"102.52800","16.05199","0.01074"
"102.53400","16.05247","0.01071"
"102.54000","16.05301","0.01059"
"102.54600","16.05349","0.01054"
"102.55200","16.05397","0.01051"
"102.55800","16.05451","0.01047"
"102.56400","16.05499","0.01036"
"102.57000","16.05546","0.01030"
"102.57600","16.05600","0.01027"
"102.58200","16.05648","0.01022"
"102.58800","16.05696","0.01029"
"102.59400","16.05744","0.01036"
"102.60000","16.05791","0.01036"
"102.60600","16.05845","0.01037"
"102.61200","16.05893","0.01038"
"102.61800","16.05941","0.01032"
"102.62400","16.05995","0.01029"
"102.63000","16.06042","0.01022"
"102.63600","16.06096","0.01019"
"102.64200","16.06144","0.01029"
"102.64800","16.06198","0.01035"
"102.65400","16.06246","0.01037"
"102.66000","16.06293","0.01039"
"102.66600","16.06347","0.01043"
"102.67200","16.06395","0.01050"
"102.67800","16.06443","0.01058"
"102.68400","16.06497","0.01055"
"102.69000","16.06545","0.01051"
"102.69600","16.06593","0.01053"
"102.70200","16.06646","0.01059"
"102.70800","16.06694","0.01069"
"102.71400","16.06742","0.01071"
"102.72000","16.06796","0.01070"
"102.72600","16.06844","0.01067"
"102.73200","16.06898","0.01062"
"102.73800","16.06945","0.01058"
"102.74400","16.06993","0.01053"
"102.75000","16.07047","0.01042"
"102.75600","16.07095","0.01031"
"102.76200","16.07143","0.01030"
"102.76800","16.07196","0.01032"
"102.77400","16.07244","0.01037"
"102.78000","16.07298","0.01043"
"102.78600","16.07346","0.01049"
"102.79200","16.07400","0.01060"
"102.79800","16.07447","0.01063"
"102.80400","16.07501","0.01062"
"102.81000","16.07549","0.01063"
"102.81600","16.07597","0.01057"
"102.82200","16.07651","0.01047"
"102.82800","16.07699","0.01042"
"102.83400","16.07747","0.01038"
"102.84000","16.07800","0.01045"
"102.84600","16.07848","0.01058"
"102.85200","16.07902","0.01058"
"102.85800","16.07950","0.01053"
"102.86400","16.07998","0.01049"
"102.87000","16.08051","0.01047"
"102.87600","16.08099","0.01046"
"102.88200","16.08147","0.01039"
"102.88800","16.08195","0.01031"
"102.89400","16.08249","0.01026"
"102.90000","16.08296","0.01015"
"102.90600","16.08344","0.01015"
"102.91200","16.08392","0.01023"
"102.91800","16.08446","0.01024"
"102.92400","16.08494","0.01024"
"102.93000","16.08548","0.01029"
"102.93600","16.08595","0.01036"
"102.94200","16.08649","0.01044"
"102.94800","16.08703","0.01055"
"102.95400","16.08751","0.01061"
"102.96000","16.08805","0.01066"
"102.96600","16.08853","0.01062"
"102.97200","16.08900","0.01054"
"102.97800","16.08954","0.01049"
"102.98400","16.09002","0.01048"
"102.99000","16.09050","0.01049"
"102.99600","16.09104","0.01044"
"103.00200","16.09152","0.01038"
"103.00800","16.09205","0.01043"
"103.01400","16.09253","0.01048"
"103.02000","16.09301","0.01050"
"103.02600","16.09355","0.01047"
"103.03200","16.09403","0.01033"
"103.03800","16.09451","0.01021"
"103.04400","16.09498","0.01025"
"103.05000","16.09546","0.01032"
"103.05600","16.09600","0.01044"
"103.06200","16.09648","0.01056"
"103.06800","16.09696","0.01057"
"103.07400","16.09749","0.01057"
"103.08000","16.09797","0.01059"
"103.08600","16.09851","0.01061"
"103.09200","16.09899","0.01054"
"103.09800","16.09947","0.01046"
"103.10400","16.10001","0.01037"
"103.11000","16.10048","0.01032"
"103.11600","16.10096","0.01023"
"103.12200","16.10150","0.01023"
"103.12800","16.10198","0.01027"
"103.13400","16.10246","0.01026"
"103.14000","16.10294","0.01026"
"103.14600","16.10347","0.01036"
"103.15200","16.10395","0.01040"
"103.15800","16.10449","0.01044"
"103.16400","16.10497","0.01044"
"103.17000","16.10545","0.01041"
"103.17600","16.10599","0.01043"
"103.18200","16.10646","0.01039"
"103.18800","16.10694","0.01034"
"103.19400","16.10742","0.01042"
"103.20000","16.10796","0.01060"
"103.20600","16.10844","0.01081"
"103.21200","16.10891","0.01085"
"103.21800","16.10945","0.01079"
"103.22400","16.10993","0.01082"
"103.23000","16.11047","0.01085"
"103.23600","16.11095","0.01087"
"103.24200","16.11143","0.01085"
"103.24800","16.11197","0.01066"
"103.25400","16.11244","0.01045"
"103.26000","16.11292","0.01029"
"103.26600","16.11346","0.01016"
"103.27200","16.11394","0.01007"
"103.27800","16.11448","0.01006"
"103.28400","16.11495","0.01012"
"103.29000","16.11549","0.01010"
"103.29600","16.11597","0.01010"
"103.30200","16.11651","0.01022"
"103.30800","16.11699","0.01033"
"103.31400","16.11746","0.01032"
"103.32000","16.11800","0.01030"
"103.32600","16.11848","0.01031"
"103.33200","16.11896","0.01035"
"103.33800","16.11950","0.01042"
"103.34400","16.11998","0.01041"
"103.35000","16.12045","0.01032"
"103.35600","16.12099","0.01024"
"103.36200","16.12147","0.01014"
"103.36800","16.12201","0.01007"
"103.37400","16.12249","0.01015"
"103.38000","16.12302","0.01027"
"103.38600","16.12350","0.01038"
"103.39200","16.12398","0.01050"
"103.39800","16.12452","0.01058"
"103.40400","16.12500","0.01067"
"103.41000","16.12554","0.01076"
"103.41600","16.12601","0.01078"
"103.42200","16.12655","0.01076"
"103.42800","16.12703","0.01077"
"103.43400","16.12751","0.01078"
"103.44000","16.12805","0.01073"
"103.44600","16.12852","0.01063"
"103.45200","16.12900","0.01058"
"103.45800","16.12948","0.01050"
"103.46400","16.12996","0.01040"
"103.47000","16.13044","0.01038"
"103.47600","16.13098","0.01045"
"103.48200","16.13145","0.01047"
"103.48800","16.13199","0.01043"
"103.49400","16.13247","0.01046"
"103.50000","16.13295","0.01039"
"103.50600","16.13349","0.01038"
"103.51200","16.13397","0.01046"
"103.51800","16.13450","0.01056"
"103.52400","16.13498","0.01071"
"103.53000","16.13546","0.01074"
"103.53600","16.13600","0.01060"
"103.54200","16.13648","0.01048"
"103.54800","16.13701","0.01043"
"103.55400","16.13749","0.01044"
"103.56000","16.13797","0.01047"
"103.56600","16.13851","0.01048"
"103.57200","16.13899","0.01044"
"103.57800","16.13947","0.01038"
"103.58400","16.14001","0.01031"
"103.59000","16.14048","0.01031"
"103.59600","16.14096","0.01039"
"103.60200","16.14144","0.01039"
"103.60800","16.14192","0.01038"
"103.61400","16.14246","0.01034"
"103.62000","16.14293","0.01038"
"103.62600","16.14341","0.01051"
"103.63200","16.14395","0.01055"
"103.63800","16.14443","0.01055"
"103.64400","16.14497","0.01056"
"103.65000","16.14544","0.01051"
"103.65600","16.14598","0.01051"
"103.66200","16.14646","0.01060"
"103.66800","16.14694","0.01066"
"103.67400","16.14748","0.01075"
"103.68000","16.14796","0.01080"
"103.68600","16.14844","0.01084"
"103.69200","16.14897","0.01093"
"103.69800","16.14945","0.01090"
"103.70400","16.14993","0.01088"
"103.71000","16.15047","0.01087"
"103.71600","16.15095","0.01077"
"103.72200","16.15142","0.01061"
"103.72800","16.15190","0.01054"
"103.73400","16.15238","0.01050"
"103.74000","16.15292","0.01050"
"103.74600","16.15340","0.01049"
"103.75200","16.15388","0.01043"
"103.75800","16.15435","0.01040"
"103.76400","16.15489","0.01037"
"103.77000","16.15537","0.01039"
"103.77600","16.15591","0.01046"
"103.78200","16.15639","0.01051"
"103.78800","16.15693","0.01046"
"103.79400","16.15740","0.01047"
"103.80000","16.15794","0.01047"
"103.80600","16.15848","0.01050"
"103.81200","16.15896","0.01053"
"103.81800","16.15949","0.01055"
"103.82400","16.15997","0.01050"
"103.83000","16.16051","0.01042"
"103.83600","16.16099","0.01041"
"103.84200","16.16147","0.01046"
"103.84800","16.16201","0.01041"
"103.85400","16.16249","0.01040"
"103.86000","16.16296","0.01039"
"103.86600","16.16350","0.01037"
"103.87200","16.16398","0.01039"
"103.87800","16.16446","0.01051"
"103.88400","16.16500","0.01061"
"103.89000","16.16547","0.01068"
"103.89600","16.16595","0.01074"
"103.90200","16.16649","0.01080"
"103.90800","16.16697","0.01087"
"103.91400","16.16745","0.01082"
"103.92000","16.16799","0.01075"
"103.92600","16.16846","0.01067"
"103.93200","16.16900","0.01058"
"103.93800","16.16954","0.01050"
"103.94400","16.17002","0.01050"
"103.95000","16.17056","0.01051"
"103.95600","16.17104","0.01052"
"103.96200","16.17151","0.01054"
"103.96800","16.17205","0.01047"
"103.97400","16.17253","0.01041"
"103.98000","16.17301","0.01043"
"103.98600","16.17349","0.01048"
"103.99200","16.17396","0.01054"
"103.99800","16.17444","0.01046"
"104.00400","16.17498","0.01037"
"104.01000","16.17546","0.01041"
"104.01600","16.17594","0.01042"
"104.02200","16.17642","0.01041"
"104.02800","16.17695","0.01036"
"104.03400","16.17743","0.01027"
"104.04000","16.17797","0.01014"
"104.04600","16.17845","0.01018"
"104.05200","16.17893","0.01022"
"104.05800","16.17947","0.01024"
"104.06400","16.17994","0.01017"
"104.07000","16.18042","0.01005"
"104.07600","16.18096","0.01001"
"104.08200","16.18144","0.01002"
"104.08800","16.18198","0.01016"
"104.09400","16.18246","0.01035"
"104.10000","16.18299","0.01048"
"104.10600","16.18347","0.01057"
"104.11200","16.18401","0.01057"
"104.11800","16.18449","0.01054"
"104.12400","16.18497","0.01053"
"104.13000","16.18550","0.01050"
"104.13600","16.18598","0.01047"
"104.14200","16.18646","0.01046"
"104.14800","16.18694","0.01043"
"104.15400","16.18748","0.01049"
"104.16000","16.18796","0.01058"
"104.16600","16.18843","0.01063"
"104.17200","16.18897","0.01054"
"104.17800","16.18945","0.01052"
"104.18400","16.18993","0.01045"
"104.19000","16.19047","0.01039"
"104.19600","16.19095","0.01039"
"104.20200","16.19148","0.01047"
"104.20800","16.19196","0.01056"
"104.21400","16.19244","0.01056"
"104.22000","16.19298","0.01053"
"104.22600","16.19346","0.01055"
"104.23200","16.19399","0.01056"
"104.23800","16.19447","0.01061"
"104.24400","16.19501","0.01069"
"104.25000","16.19549","0.01066"
"104.25600","16.19597","0.01064"
"104.26200","16.19651","0.01064"
"104.26800","16.19699","0.01060"
"104.27400","16.19746","0.01065"
"104.28000","16.19794","0.01066"
"104.28600","16.19848","0.01059"
"104.29200","16.19896","0.01053"
"104.29800","16.19944","0.01045"
"104.30400","16.19991","0.01041"
"104.31000","16.20045","0.01042"
"104.31600","16.20093","0.01040"
"104.32200","16.20141","0.01036"
"104.32800","16.20195","0.01028"
"104.33400","16.20243","0.01015"
"104.34000","16.20290","0.01016"
"104.34600","16.20344","0.01033"
"104.35200","16.20392","0.01042"
"104.35800","16.20446","0.01051"
"104.36400","16.20494","0.01059"
"104.37000","16.20547","0.01058"
"104.37600","16.20595","0.01065"
"104.38200","16.20649","0.01073"
"104.38800","16.20697","0.01086"
"104.39400","16.20751","0.01099"
"104.40000","16.20798","0.01097"
"104.40600","16.20846","0.01093"
"104.41200","16.20894","0.01091"
"104.41800","16.20948","0.01091"
"104.42400","16.20996","0.01088"
"104.43000","16.21044","0.01078"
"104.43600","16.21098","0.01060"
"104.44200","16.21145","0.01049"
"104.44800","16.21199","0.01051"
"104.45400","16.21247","0.01047"
"104.46000","16.21301","0.01054"
"104.46600","16.21349","0.01057"
"104.47200","16.21396","0.01057"
"104.47800","16.21450","0.01058"
"104.48400","16.21498","0.01063"
"104.49000","16.21546","0.01069"
"104.49600","16.21600","0.01065"
"104.50200","16.21648","0.01056"
"104.50800","16.21701","0.01045"
"104.51400","16.21749","0.01036"
"104.52000","16.21803","0.01031"
"104.52600","16.21851","0.01037"
"104.53200","16.21905","0.01049"
"104.53800","16.21952","0.01055"
"104.54400","16.22000","0.01060"
"104.55000","16.22048","0.01059"
"104.55600","16.22102","0.01059"
"104.56200","16.22150","0.01062"
"104.56800","16.22198","0.01066"
"104.57400","16.22245","0.01067"
"104.58000","16.22299","0.01062"
"104.58600","16.22347","0.01053"
"104.59200","16.22401","0.01055"
"104.59800","16.22449","0.01055"
"104.60400","16.22497","0.01056"
"104.61000","16.22550","0.01057"
"104.61600","16.22598","0.01055"
"104.62200","16.22646","0.01058"
"104.62800","16.22700","0.01076"
"104.63400","16.22748","0.01082"
"104.64000","16.22801","0.01084"
"104.64600","16.22849","0.01087"
"104.65200","16.22897","0.01079"
"104.65800","16.22951","0.01065"
"104.66400","16.22999","0.01051"
"104.67000","16.23053","0.01042"
"104.67600","16.23100","0.01049"
"104.68200","16.23148","0.01047"
"104.68800","16.23202","0.01043"
"104.69400","16.23250","0.01046"
"104.70000","16.23298","0.01045"
"104.70600","16.23351","0.01051"
"104.71200","16.23399","0.01048"
"104.71800","16.23447","0.01039"
"104.72400","16.23495","0.01035"
"104.73000","16.23549","0.01031"
"104.73600","16.23597","0.01037"
"104.74200","16.23644","0.01054"
"104.74800","16.23698","0.01057"
"104.75400","16.23746","0.01045"
"104.76000","16.23794","0.01045"
"104.76600","16.23848","0.01054"
"104.77200","16.23896","0.01065"
"104.77800","16.23944","0.01077"
"104.78400","16.23997","0.01078"
"104.79000","16.24045","0.01070"
"104.79600","16.24099","0.01061"
"104.80200","16.24147","0.01054"
"104.80800","16.24200","0.01060"
"104.81400","16.24248","0.01065"
"104.82000","16.24296","0.01063"
"104.82600","16.24350","0.01057"
"104.83200","16.24398","0.01054"
"104.83800","16.24446","0.01054"
"104.84400","16.24493","0.01063"
"104.85000","16.24547","0.01074"
"104.85600","16.24595","0.01082"
"104.86200","16.24643","0.01086"
"104.86800","16.24697","0.01081"
"104.87400","16.24745","0.01080"
"104.88000","16.24792","0.01088"
"104.88600","16.24846","0.01086"
"104.89200","16.24894","0.01084"
"104.89800","16.24948","0.01070"
"104.90400","16.24996","0.01049"
"104.91000","16.25043","0.01040"
"104.91600","16.25097","0.01040"
"104.92200","16.25145","0.01041"
"104.92800","16.25199","0.01045"
"104.93400","16.25247","0.01046"
"104.94000","16.25301","0.01042"
"104.94600","16.25348","0.01037"
"104.95200","16.25402","0.01027"
"104.95800","16.25450","0.01034"
"104.96400","16.25504","0.01046"
"104.97000","16.25552","0.01049"
"104.97600","16.25606","0.01052"
"104.98200","16.25653","0.01055"
"104.98800","16.25701","0.01059"
"104.99400","16.25755","0.01064"
"105.00000","16.25803","0.01062"
"105.00600","16.25851","0.01059"
"105.01200","16.25899","0.01060"
"105.01800","16.25953","0.01057"
"105.02400","16.26000","0.01053"
"105.03000","16.26048","0.01049"
"105.03600","16.26096","0.01035"
"105.04200","16.26150","0.01021"
"105.04800","16.26198","0.01013"
"105.05400","16.26245","0.01009"
"105.06000","16.26299","0.01018"
"105.06600","16.26347","0.01028"
"105.07200","16.26395","0.01031"
"105.07800","16.26449","0.01032"
"105.08400","16.26497","0.01029"
"105.09000","16.26550","0.01028"
"105.09600","16.26598","0.01035"
"105.10200","16.26652","0.01045"
"105.10800","16.26706","0.01061"
"105.11400","16.26754","0.01083"
"105.12000","16.26801","0.01089"
"105.12600","16.26855","0.01091"
"105.13200","16.26903","0.01090"
"105.13800","16.26951","0.01077"
"105.14400","16.27005","0.01058"
"105.15000","16.27052","0.01045"
"105.15600","16.27100","0.01041"
"105.16200","16.27148","0.01042"
"105.16800","16.27202","0.01049"
"105.17400","16.27250","0.01058"
"105.18000","16.27298","0.01068"
"105.18600","16.27352","0.01073"
"105.19200","16.27399","0.01081"
"105.19800","16.27447","0.01084"
"105.20400","16.27501","0.01087"
"105.21000","16.27549","0.01092"
"105.21600","16.27597","0.01087"
"105.22200","16.27650","0.01077"
"105.22800","16.27698","0.01069"
"105.23400","16.27752","0.01056"
"105.24000","16.27800","0.01053"
"105.24600","16.27854","0.01055"
"105.25200","16.27902","0.01050"
"105.25800","16.27950","0.01051"
"105.26400","16.27997","0.01049"
"105.27000","16.28051","0.01048"
"105.27600","16.28099","0.01058"
"105.28200","16.28147","0.01063"
"105.28800","16.28195","0.01055"
"105.29400","16.28242","0.01051"
"105.30000","16.28296","0.01045"
"105.30600","16.28344","0.01039"
"105.31200","16.28392","0.01045"
"105.31800","16.28440","0.01044"
"105.32400","16.28493","0.01037"
"105.33000","16.28541","0.01022"
"105.33600","16.28589","0.01008"
"105.34200","16.28643","0.01012"
"105.34800","16.28691","0.01019"
"105.35400","16.28739","0.01026"
"105.36000","16.28792","0.01034"
"105.36600","16.28840","0.01039"
"105.37200","16.28894","0.01053"
"105.37800","16.28942","0.01068"
"105.38400","16.28996","0.01071"
"105.39000","16.29044","0.01067"
"105.39600","16.29097","0.01067"
"105.40200","16.29145","0.01063"
"105.40800","16.29199","0.01062"
"105.41400","16.29247","0.01057"
"105.42000","16.29301","0.01056"
"105.42600","16.29349","0.01065"
"105.43200","16.29396","0.01069"
"105.43800","16.29450","0.01067"
"105.44400","16.29498","0.01064"
"105.45000","16.29546","0.01058"
"105.45600","16.29600","0.01060"
"105.46200","16.29647","0.01068"
"105.46800","16.29695","0.01066"
"105.47400","16.29749","0.01060"
"105.48000","16.29797","0.01053"
"105.48600","16.29851","0.01048"
"105.49200","16.29898","0.01060"
"105.49800","16.29946","0.01066"
"105.50400","16.30000","0.01053"
"105.51000","16.30048","0.01050"
"105.51600","16.30102","0.01048"
"105.52200","16.30150","0.01051"
"105.52800","16.30203","0.01060"
"105.53400","16.30251","0.01062"
"105.54000","16.30305","0.01061"
"105.54600","16.30353","0.01058"
"105.55200","16.30401","0.01054"
"105.55800","16.30454","0.01059"
"105.56400","16.30502","0.01065"
"105.57000","16.30556","0.01072"
"105.57600","16.30604","0.01083"
"105.58200","16.30652","0.01087"
"105.58800","16.30700","0.01088"
"105.59400","16.30747","0.01090"
"105.60000","16.30801","0.01090"
"105.60600","16.30849","0.01089"
"105.61200","16.30897","0.01080"
"105.61800","16.30945","0.01069"
"105.62400","16.30993","0.01061"
"105.63000","16.31046","0.01059"
"105.63600","16.31094","0.01064"
"105.64200","16.31142","0.01069"
"105.64800","16.31196","0.01068"
"105.65400","16.31244","0.01054"
"105.66000","16.31297","0.01050"
"105.66600","16.31345","0.01055"
"105.67200","16.31399","0.01061"
"105.67800","16.31447","0.01060"
"105.68400","16.31501","0.01054"
"105.69000","16.31549","0.01049"
"105.69600","16.31597","0.01051"
"105.70200","16.31650","0.01053"
"105.70800","16.31698","0.01061"
"105.71400","16.31746","0.01060"
"105.72000","16.31794","0.01058"
"105.72600","16.31842","0.01063"
"105.73200","16.31895","0.01069"
"105.73800","16.31943","0.01063"
"105.74400","16.31991","0.01055"
"105.75000","16.32045","0.01042"
"105.75600","16.32093","0.01030"
"105.76200","16.32141","0.01023"
"105.76800","16.32194","0.01024"
"105.77400","16.32242","0.01035"
"105.78000","16.32290","0.01044"
"105.78600","16.32344","0.01047"
"105.79200","16.32392","0.01046"
"105.79800","16.32446","0.01041"
"105.80400","16.32493","0.01042"
"105.81000","16.32547","0.01049"
"105.81600","16.32595","0.01051"
"105.82200","16.32649","0.01043"
"105.82800","16.32697","0.01043"
"105.83400","16.32750","0.01045"
"105.84000","16.32798","0.01045"
"105.84600","16.32846","0.01046"
"105.85200","16.32894","0.01049"
"105.85800","16.32948","0.01054"
"105.86400","16.32996","0.01053"
"105.87000","16.33043","0.01043"
"105.87600","16.33091","0.01033"
"105.88200","16.33145","0.01027"
"105.88800","16.33193","0.01027"
"105.89400","16.33241","0.01036"
"105.90000","16.33289","0.01044"
"105.90600","16.33342","0.01058"
"105.91200","16.33390","0.01069"
"105.91800","16.33438","0.01069"
"105.92400","16.33492","0.01073"
"105.93000","16.33540","0.01074"
"105.93600","16.33587","0.01070"
"105.94200","16.33641","0.01071"
"105.94800","16.33695","0.01077"
"105.95400","16.33743","0.01082"
"105.96000","16.33797","0.01089"
"105.96600","16.33851","0.01086"
"105.97200","16.33898","0.01079"
"105.97800","16.33952","0.01069"
"105.98400","16.34000","0.01062"
"105.99000","16.34048","0.01063"
"105.99600","16.34102","0.01071"
"106.00200","16.34150","0.01072"
"106.00800","16.34197","0.01072"
"106.01400","16.34251","0.01073"
"106.02000","16.34299","0.01067"
"106.02600","16.34347","0.01061"
"106.03200","16.34401","0.01059"
"106.03800","16.34449","0.01052"
"106.04400","16.34496","0.01051"
"106.05000","16.34550","0.01058"
"106.05600","16.34598","0.01067"
"106.06200","16.34646","0.01077"
"106.06800","16.34700","0.01086"
"106.07400","16.34748","0.01088"
"106.08000","16.34801","0.01085"
"106.08600","16.34849","0.01067"
"106.09200","16.34903","0.01053"
"106.09800","16.34951","0.01050"
"106.10400","16.35005","0.01054"
"106.11000","16.35052","0.01062"
"106.11600","16.35106","0.01070"
"106.12200","16.35154","0.01074"
"106.12800","16.35202","0.01077"
"106.13400","16.35250","0.01076"
"106.14000","16.35298","0.01074"
"106.14600","16.35351","0.01075"
"106.15200","16.35399","0.01068"
"106.15800","16.35447","0.01057"
"106.16400","16.35495","0.01053"
"106.17000","16.35549","0.01056"
"106.17600","16.35596","0.01058"
"106.18200","16.35650","0.01054"
"106.18800","16.35698","0.01046"
"106.19400","16.35752","0.01044"
"106.20000","16.35800","0.01040"
"106.20600","16.35848","0.01044"
"106.21200","16.35901","0.01049"
"106.21800","16.35949","0.01046"
"106.22400","16.36003","0.01042"
"106.23000","16.36051","0.01050"
"106.23600","16.36099","0.01055"
"106.24200","16.36152","0.01065"
"106.24800","16.36206","0.01071"
"106.25400","16.36254","0.01073"
"106.26000","16.36308","0.01078"
"106.26600","16.36356","0.01070"
"106.27200","16.36404","0.01070"
"106.27800","16.36457","0.01083"
"106.28400","16.36505","0.01092"
"106.29000","16.36553","0.01090"
"106.29600","16.36601","0.01083"
"106.30200","16.36649","0.01068"
"106.30800","16.36703","0.01065"
"106.31400","16.36750","0.01067"
"106.32000","16.36798","0.01068"
"106.32600","16.36846","0.01067"
"106.33200","16.36900","0.01060"
"106.33800","16.36948","0.01045"
"106.34400","16.36996","0.01034"
"106.35000","16.37049","0.01035"
"106.35600","16.37097","0.01041"
"106.36200","16.37145","0.01053"
"106.36800","16.37199","0.01059"
"106.37400","16.37247","0.01065"
"106.38000","16.37295","0.01080"
"106.38600","16.37348","0.01089"
"106.39200","16.37396","0.01097"
"106.39800","16.37444","0.01100"
"106.40400","16.37498","0.01086"
"106.41000","16.37546","0.01074"
"106.41600","16.37593","0.01060"
"106.42200","16.37641","0.01052"
"106.42800","16.37689","0.01049"
"106.43400","16.37743","0.01045"
"106.44000","16.37791","0.01048"
"106.44600","16.37839","0.01054"
"106.45200","16.37892","0.01053"
"106.45800","16.37940","0.01053"
"106.46400","16.37994","0.01051"
"106.47000","16.38042","0.01044"
"106.47600","16.38090","0.01045"
"106.48200","16.38144","0.01053"
"106.48800","16.38191","0.01050"
"106.49400","16.38245","0.01047"
"106.50000","16.38293","0.01047"
"106.50600","16.38347","0.01048"
"106.51200","16.38395","0.01046"
"106.51800","16.38448","0.01040"
"106.52400","16.38496","0.01049"
"106.53000","16.38550","0.01068"
"106.53600","16.38598","0.01078"
"106.54200","16.38646","0.01085"
"106.54800","16.38700","0.01085"
"106.55400","16.38747","0.01081"
"106.56000","16.38801","0.01082"
"106.56600","16.38849","0.01079"
"106.57200","16.38903","0.01071"
"106.57800","16.38951","0.01066"
"106.58400","16.38998","0.01061"
"106.59000","16.39052","0.01053"
"106.59600","16.39100","0.01043"
"106.60200","16.39154","0.01039"
"106.60800","16.39202","0.01042"
"106.61400","16.39250","0.01049"
"106.62000","16.39303","0.01049"
"106.62600","16.39351","0.01045"
"106.63200","16.39405","0.01048"
"106.63800","16.39453","0.01052"
"106.64400","16.39501","0.01062"
"106.65000","16.39554","0.01067"
"106.65600","16.39602","0.01060"
"106.66200","16.39650","0.01051"
"106.66800","16.39698","0.01047"
"106.67400","16.39752","0.01048"
"106.68000","16.39799","0.01056"
"106.68600","16.39847","0.01058"
"106.69200","16.39895","0.01058"
"106.69800","16.39949","0.01052"
"106.70400","16.39997","0.01049"
"106.71000","16.40045","0.01059"
"106.71600","16.40099","0.01075"
"106.72200","16.40146","0.01075"
"106.72800","16.40200","0.01072"
"106.73400","16.40248","0.01068"
"106.74000","16.40302","0.01064"
"106.74600","16.40350","0.01060"
"106.75200","16.40403","0.01052"
"106.75800","16.40451","0.01044"
"106.76400","16.40505","0.01040"
"106.77000","16.40553","0.01033"
"106.77600","16.40601","0.01035"
"106.78200","16.40655","0.01045"
"106.78800","16.40702","0.01055"
"106.79400","16.40750","0.01062"
"106.80000","16.40804","0.01067"
"106.80600","16.40852","0.01071"
"106.81200","16.40900","0.01084"
"106.81800","16.40948","0.01096"
"106.82400","16.41001","0.01100"
"106.83000","16.41049","0.01104"
"106.83600","16.41097","0.01099"
"106.84200","16.41151","0.01101"
"106.84800","16.41199","0.01102"
"106.85400","16.41246","0.01093"
"106.86000","16.41300","0.01087"
"106.86600","16.41348","0.01080"
"106.87200","16.41396","0.01070"
"106.87800","16.41450","0.01070"
"106.88400","16.41498","0.01069"
"106.89000","16.41551","0.01073"
"106.89600","16.41599","0.01077"
"106.90200","16.41647","0.01073"
"106.90800","16.41701","0.01069"
"106.91400","16.41749","0.01067"
"106.92000","16.41797","0.01065"
"106.92600","16.41850","0.01074"
"106.93200","16.41898","0.01078"
"106.93800","16.41946","0.01076"
"106.94400","16.41994","0.01072"
"106.95000","16.42042","0.01060"
"106.95600","16.42089","0.01054"
"106.96200","16.42143","0.01056"
"106.96800","16.42191","0.01055"
"106.97400","16.42239","0.01043"
"106.98000","16.42293","0.01033"
"106.98600","16.42341","0.01027"
"106.99200","16.42389","0.01033"
"106.99800","16.42442","0.01048"
"107.00400","16.42490","0.01055"
"107.01000","16.42544","0.01054"
"107.01600","16.42592","0.01055"
"107.02200","16.42646","0.01054"
"107.02800","16.42693","0.01059"
"107.03400","16.42747","0.01063"
"107.04000","16.42795","0.01068"
"107.04600","16.42849","0.01074"
"107.05200","16.42897","0.01066"
"107.05800","16.42951","0.01063"
"107.06400","16.42999","0.01070"
"107.07000","16.43046","0.01073"
"107.07600","16.43100","0.01072"
"107.08200","16.43148","0.01064"
"107.08800","16.43202","0.01062"
"107.09400","16.43250","0.01062"
"107.10000","16.43297","0.01066"
"107.10600","16.43351","0.01071"
"107.11200","16.43399","0.01077"
"107.11800","16.43447","0.01075"
"107.12400","16.43501","0.01079"
"107.13000","16.43549","0.01093"
"107.13600","16.43596","0.01103"
"107.14200","16.43650","0.01108"
"107.14800","16.43704","0.01107"
"107.15400","16.43752","0.01092"
"107.16000","16.43806","0.01083"
"107.16600","16.43853","0.01080"
"107.17200","16.43907","0.01080"
"107.17800","16.43955","0.01091"
"107.18400","16.44003","0.01091"
"107.19000","16.44057","0.01089"
"107.19600","16.44105","0.01091"
"107.20200","16.44152","0.01084"
"107.20800","16.44200","0.01082"
"107.21400","16.44254","0.01093"
"107.22000","16.44302","0.01102"
"107.22600","16.44350","0.01103"
"107.23200","16.44403","0.01104"
"107.23800","16.44451","0.01111"
"107.24400","16.44499","0.01115"
"107.25000","16.44553","0.01117"
"107.25600","16.44601","0.01110"
"107.26200","16.44649","0.01098"
"107.26800","16.44696","0.01075"
"107.27400","16.44750","0.01058"
"107.28000","16.44798","0.01060"
"107.28600","16.44852","0.01063"
"107.29200","16.44900","0.01057"
"107.29800","16.44948","0.01044"
"107.30400","16.45001","0.01036"
"107.31000","16.45049","0.01044"
"107.31600","16.45103","0.01052"
"107.32200","16.45151","0.01053"
"107.32800","16.45199","0.01054"
"107.33400","16.45252","0.01050"
"107.34000","16.45300","0.01045"
"107.34600","16.45348","0.01048"
"107.35200","16.45402","0.01051"
"107.35800","16.45450","0.01050"
"107.36400","16.45498","0.01050"
"107.37000","16.45551","0.01049"
"107.37600","16.45599","0.01056"
"107.38200","16.45647","0.01060"
"107.38800","16.45701","0.01066"
"107.39400","16.45749","0.01073"
"107.40000","16.45797","0.01071"
"107.40600","16.45850","0.01061"
"107.41200","16.45898","0.01055"
"107.41800","16.45946","0.01051"
"107.42400","16.46000","0.01061"
"107.43000","16.46048","0.01083"
"107.43600","16.46095","0.01094"
"107.44200","16.46149","0.01091"
"107.44800","16.46197","0.01076"
"107.45400","16.46245","0.01066"
"107.46000","16.46299","0.01064"
"107.46600","16.46347","0.01068"
"107.47200","16.46400","0.01070"
"107.47800","16.46448","0.01071"
"107.48400","16.46496","0.01064"
"107.49000","16.46550","0.01062"
"107.49600","16.46598","0.01065"
"107.50200","16.46646","0.01061"
"107.50800","16.46693","0.01051"
"107.51400","16.46747","0.01051"
"107.52000","16.46795","0.01055"
"107.52600","16.46843","0.01065"
"107.53200","16.46891","0.01080"
"107.53800","16.46944","0.01085"
"107.54400","16.46992","0.01085"
"107.55000","16.47046","0.01082"
"107.55600","16.47094","0.01077"
"107.56200","16.47148","0.01082"
"107.56800","16.47196","0.01085"
"107.57400","16.47243","0.01087"
"107.58000","16.47291","0.01087"
"107.58600","16.47345","0.01086"
"107.59200","16.47393","0.01092"
"107.59800","16.47441","0.01101"
"107.60400","16.47495","0.01112"
"107.61000","16.47542","0.01120"
"107.61600","16.47596","0.01125"
"107.62200","16.47644","0.01121"
"107.62800","16.47698","0.01115"
"107.63400","16.47746","0.01098"
"107.64000","16.47794","0.01076"
"107.64600","16.47847","0.01061"
"107.65200","16.47895","0.01041"
"107.65800","16.47949","0.01027"
"107.66400","16.47997","0.01026"
"107.67000","16.48045","0.01033"
"107.67600","16.48098","0.01048"
"107.68200","16.48146","0.01058"
"107.68800","16.48200","0.01064"
"107.69400","16.48254","0.01069"
"107.70000","16.48302","0.01066"
"107.70600","16.48355","0.01062"
"107.71200","16.48403","0.01069"
"107.71800","16.48451","0.01065"
"107.72400","16.48499","0.01063"
"107.73000","16.48553","0.01065"
"107.73600","16.48601","0.01063"
"107.74200","16.48648","0.01058"
"107.74800","16.48702","0.01059"
"107.75400","16.48750","0.01064"
"107.76000","16.48798","0.01071"
"107.76600","16.48852","0.01077"
"107.77200","16.48899","0.01081"
"107.77800","16.48947","0.01093"
"107.78400","16.49001","0.01104"
"107.79000","16.49049","0.01104"
"107.79600","16.49103","0.01094"
"107.80200","16.49151","0.01079"
"107.80800","16.49199","0.01063"
"107.81400","16.49252","0.01059"
"107.82000","16.49300","0.01066"
"107.82600","16.49354","0.01074"
"107.83200","16.49402","0.01074"
"107.83800","16.49456","0.01064"
"107.84400","16.49504","0.01060"
"107.85000","16.49551","0.01061"
"107.85600","16.49605","0.01070"
"107.86200","16.49653","0.01089"
"107.86800","16.49701","0.01088"
"107.87400","16.49749","0.01086"
"107.88000","16.49802","0.01091"
"107.88600","16.49850","0.01095"
"107.89200","16.49898","0.01103"
"107.89800","16.49946","0.01103"
"107.90400","16.50000","0.01086"
"107.91000","16.50048","0.01074"
"107.91600","16.50095","0.01061"
"107.92200","16.50149","0.01048"
"107.92800","16.50197","0.01047"
"107.93400","16.50245","0.01043"
"107.94000","16.50299","0.01038"
"107.94600","16.50347","0.01039"
"107.95200","16.50394","0.01040"
"107.95800","16.50448","0.01046"
"107.96400","16.50496","0.01056"
"107.97000","16.50550","0.01057"
"107.97600","16.50604","0.01062"
"107.98200","16.50652","0.01065"
"107.98800","16.50699","0.01064"
"107.99400","16.50753","0.01071"
"108.00000","16.50801","0.01078"
"108.00600","16.50849","0.01086"
"108.01200","16.50897","0.01094"
"108.01800","16.50950","0.01090"
"108.02400","16.50998","0.01077"
"108.03000","16.51046","0.01079"
"108.03600","16.51094","0.01087"
"108.04200","16.51148","0.01100"
"108.04800","16.51196","0.01100"
"108.05400","16.51243","0.01093"
"108.06000","16.51291","0.01099"
"108.06600","16.51345","0.01099"
"108.07200","16.51393","0.01091"
"108.07800","16.51441","0.01083"
"108.08400","16.51495","0.01063"
"108.09000","16.51542","0.01041"
"108.09600","16.51596","0.01031"
"108.10200","16.51644","0.01027"
"108.10800","16.51698","0.01040"
"108.11400","16.51746","0.01057"
"108.12000","16.51800","0.01070"
"108.12600","16.51847","0.01088"
"108.13200","16.51901","0.01109"
"108.13800","16.51949","0.01117"
"108.14400","16.51997","0.01112"
"108.15000","16.52051","0.01094"
"108.15600","16.52098","0.01083"
"108.16200","16.52146","0.01080"
"108.16800","16.52200","0.01073"
"108.17400","16.52248","0.01066"
"108.18000","16.52296","0.01064"
"108.18600","16.52349","0.01063"
"108.19200","16.52397","0.01058"
"108.19800","16.52445","0.01057"
"108.20400","16.52499","0.01057"
"108.21000","16.52547","0.01060"
"108.21600","16.52595","0.01063"
"108.22200","16.52649","0.01073"
"108.22800","16.52696","0.01083"
"108.23400","16.52750","0.01078"
"108.24000","16.52798","0.01073"
"108.24600","16.52852","0.01078"
"108.25200","16.52900","0.01086"
"108.25800","16.52953","0.01097"
"108.26400","16.53001","0.01105"
"108.27000","16.53055","0.01105"
"108.27600","16.53103","0.01104"
"108.28200","16.53157","0.01101"
"108.28800","16.53205","0.01102"
"108.29400","16.53252","0.01104"
"108.30000","16.53300","0.01097"
"108.30600","16.53348","0.01083"
"108.31200","16.53402","0.01076"
"108.31800","16.53450","0.01077"
"108.32400","16.53498","0.01078"
"108.33000","16.53551","0.01082"
"108.33600","16.53599","0.01070"
"108.34200","16.53653","0.01056"
"108.34800","16.53701","0.01044"
"108.35400","16.53749","0.01038"
"108.36000","16.53802","0.01046"
"108.36600","16.53850","0.01060"
"108.37200","16.53904","0.01071"
"108.37800","16.53952","0.01076"
"108.38400","16.54006","0.01074"
"108.39000","16.54053","0.01069"
"108.39600","16.54107","0.01068"
"108.40200","16.54155","0.01070"
"108.40800","16.54209","0.01077"
"108.41400","16.54257","0.01084"
"108.42000","16.54305","0.01092"
"108.42600","16.54358","0.01103"
"108.43200","16.54406","0.01101"
"108.43800","16.54454","0.01085"
"108.44400","16.54502","0.01075"
"108.45000","16.54550","0.01072"
"108.45600","16.54597","0.01065"
"108.46200","16.54651","0.01066"
"108.46800","16.54699","0.01072"
"108.47400","16.54747","0.01064"
"108.48000","16.54795","0.01060"
"108.48600","16.54849","0.01056"
"108.49200","16.54897","0.01055"
"108.49800","16.54944","0.01065"
"108.50400","16.54998","0.01068"
"108.51000","16.55046","0.01072"
"108.51600","16.55100","0.01077"
"108.52200","16.55148","0.01080"
"108.52800","16.55195","0.01086"
"108.53400","16.55249","0.01083"
"108.54000","16.55297","0.01078"
"108.54600","16.55351","0.01074"
"108.55200","16.55399","0.01065"
"108.55800","16.55447","0.01060"
"108.56400","16.55494","0.01063"
"108.57000","16.55548","0.01071"
"108.57600","16.55596","0.01087"
"108.58200","16.55644","0.01096"
"108.58800","16.55692","0.01090"
"108.59400","16.55740","0.01087"
"108.60000","16.55793","0.01080"
"108.60600","16.55841","0.01074"
"108.61200","16.55889","0.01073"
"108.61800","16.55937","0.01072"
"108.62400","16.55991","0.01068"
"108.63000","16.56038","0.01064"
"108.63600","16.56086","0.01059"
"108.64200","16.56140","0.01057"
"108.64800","16.56194","0.01060"
"108.65400","16.56242","0.01054"
"108.66000","16.56296","0.01053"
"108.66600","16.56343","0.01059"
"108.67200","16.56397","0.01064"
"108.67800","16.56445","0.01070"
"108.68400","16.56499","0.01073"
"108.69000","16.56553","0.01083"
"108.69600","16.56600","0.01091"
"108.70200","16.56654","0.01086"
"108.70800","16.56702","0.01079"
"108.71400","16.56750","0.01075"
"108.72000","16.56804","0.01069"
"108.72600","16.56852","0.01066"
"108.73200","16.56899","0.01059"
"108.73800","16.56953","0.01059"
"108.74400","16.57001","0.01061"
"108.75000","16.57049","0.01065"
"108.75600","16.57097","0.01079"
"108.76200","16.57150","0.01092"
"108.76800","16.57198","0.01091"
"108.77400","16.57246","0.01084"
"108.78000","16.57294","0.01081"
"108.78600","16.57348","0.01081"
"108.79200","16.57396","0.01084"
"108.79800","16.57443","0.01088"
"108.80400","16.57497","0.01090"
"108.81000","16.57545","0.01090"
"108.81600","16.57599","0.01085"
"108.82200","16.57653","0.01067"
"108.82800","16.57701","0.01059"
"108.83400","16.57755","0.01051"
"108.84000","16.57802","0.01049"
"108.84600","16.57850","0.01054"
"108.85200","16.57904","0.01054"
"108.85800","16.57952","0.01061"
"108.86400","16.58000","0.01073"
"108.87000","16.58047","0.01072"
"108.87600","16.58095","0.01064"
"108.88200","16.58149","0.01059"
"108.88800","16.58197","0.01059"
"108.89400","16.58245","0.01073"
"108.90000","16.58299","0.01091"
"108.90600","16.58346","0.01102"
"108.91200","16.58400","0.01103"
"108.91800","16.58448","0.01103"
"108.92400","16.58496","0.01106"
"108.93000","16.58550","0.01108"
"108.93600","16.58597","0.01098"
"108.94200","16.58645","0.01082"
"108.94800","16.58699","0.01071"
"108.95400","16.58747","0.01072"
"108.96000","16.58801","0.01079"
"108.96600","16.58849","0.01084"
"108.97200","16.58903","0.01090"
"108.97800","16.58950","0.01100"
"108.98400","16.59004","0.01107"
"108.99000","16.59052","0.01108"
"108.99600","16.59100","0.01118"
"109.00200","16.59148","0.01126"
"109.00800","16.59201","0.01127"
"109.01400","16.59249","0.01113"
"109.02000","16.59297","0.01087"
"109.02600","16.59345","0.01075"
"109.03200","16.59393","0.01073"
"109.03800","16.59447","0.01066"
"109.04400","16.59494","0.01076"
"109.05000","16.59548","0.01084"
"109.05600","16.59596","0.01075"
"109.06200","16.59644","0.01075"
"109.06800","16.59698","0.01077"
"109.07400","16.59746","0.01077"
"109.08000","16.59793","0.01078"
"109.08600","16.59847","0.01078"
"109.09200","16.59895","0.01082"
"109.09800","16.59943","0.01085"
"109.10400","16.59997","0.01082"
"109.11000","16.60044","0.01089"
"109.11600","16.60098","0.01100"
"109.12200","16.60146","0.01106"
"109.12800","16.60200","0.01105"
"109.13400","16.60248","0.01103"
"109.14000","16.60302","0.01092"
"109.14600","16.60349","0.01081"
"109.15200","16.60397","0.01077"
"109.15800","16.60445","0.01078"
"109.16400","16.60499","0.01074"
"109.17000","16.60547","0.01066"
"109.17600","16.60595","0.01065"
"109.18200","16.60642","0.01066"
"109.18800","16.60696","0.01062"
"109.19400","16.60744","0.01061"
"109.20000","16.60792","0.01063"
"109.20600","16.60846","0.01065"
"109.21200","16.60893","0.01070"
"109.21800","16.60941","0.01076"
"109.22400","16.60995","0.01078"
"109.23000","16.61043","0.01076"
"109.23600","16.61097","0.01072"
"109.24200","16.61145","0.01069"
"109.24800","16.61198","0.01071"
"109.25400","16.61246","0.01070"
"109.26000","16.61294","0.01071"
"109.26600","16.61348","0.01071"
"109.27200","16.61396","0.01067"
"109.27800","16.61449","0.01075"
"109.28400","16.61497","0.01080"
"109.29000","16.61545","0.01091"
"109.29600","16.61599","0.01101"
"109.30200","16.61647","0.01102"
"109.30800","16.61695","0.01100"
"109.31400","16.61749","0.01096"
"109.32000","16.61796","0.01096"
"109.32600","16.61850","0.01104"
"109.33200","16.61898","0.01105"
"109.33800","16.61946","0.01098"
"109.34400","16.62000","0.01097"
"109.35000","16.62047","0.01092"
"109.35600","16.62095","0.01083"
"109.36200","16.62149","0.01080"
"109.36800","16.62197","0.01080"
"109.37400","16.62245","0.01076"
"109.38000","16.62298","0.01070"
"109.38600","16.62346","0.01064"
"109.39200","16.62400","0.01059"
"109.39800","16.62448","0.01062"
"109.40400","16.62502","0.01070"
"109.41000","16.62550","0.01082"
"109.41600","16.62603","0.01089"
"109.42200","16.62651","0.01095"
"109.42800","16.62699","0.01106"
"109.43400","16.62753","0.01114"
"109.44000","16.62801","0.01113"
"109.44600","16.62848","0.01106"
"109.45200","16.62902","0.01094"
"109.45800","16.62950","0.01088"
"109.46400","16.62998","0.01086"
"109.47000","16.63052","0.01089"
"109.47600","16.63100","0.01093"
"109.48200","16.63153","0.01096"
"109.48800","16.63201","0.01099"
"109.49400","16.63249","0.01108"
"109.50000","16.63303","0.01115"
"109.50600","16.63351","0.01112"
"109.51200","16.63399","0.01107"
"109.51800","16.63446","0.01098"
"109.52400","16.63500","0.01082"
"109.53000","16.63548","0.01072"
"109.53600","16.63602","0.01068"
"109.54200","16.63650","0.01066"
"109.54800","16.63704","0.01064"
"109.55400","16.63751","0.01055"
"109.56000","16.63805","0.01056"
"109.56600","16.63853","0.01066"
"109.57200","16.63901","0.01078"
"109.57800","16.63955","0.01099"
"109.58400","16.64002","0.01112"
"109.59000","16.64050","0.01111"
"109.59600","16.64098","0.01107"
"109.60200","16.64152","0.01111"
"109.60800","16.64200","0.01118"
"109.61400","16.64248","0.01121"
"109.62000","16.64301","0.01118"
"109.62600","16.64349","0.01119"
"109.63200","16.64397","0.01122"
"109.63800","16.64445","0.01116"
"109.64400","16.64499","0.01111"
"109.65000","16.64547","0.01107"
"109.65600","16.64594","0.01102"
"109.66200","16.64642","0.01103"
"109.66800","16.64696","0.01103"
"109.67400","16.64744","0.01104"
"109.68000","16.64798","0.01105"
"109.68600","16.64845","0.01099"
"109.69200","16.64893","0.01097"
"109.69800","16.64947","0.01103"
"109.70400","16.64995","0.01105"
"109.71000","16.65049","0.01105"
"109.71600","16.65096","0.01107"
"109.72200","16.65144","0.01104"
"109.72800","16.65198","0.01106"
"109.73400","16.65246","0.01100"
"109.74000","16.65294","0.01090"
"109.74600","16.65348","0.01089"
"109.75200","16.65396","0.01091"
"109.75800","16.65443","0.01098"
"109.76400","16.65497","0.01103"
"109.77000","16.65545","0.01091"
"109.77600","16.65593","0.01081"
"109.78200","16.65647","0.01081"
"109.78800","16.65694","0.01090"
"109.79400","16.65742","0.01098"
"109.80000","16.65796","0.01092"
"109.80600","16.65844","0.01078"
"109.81200","16.65898","0.01068"
"109.81800","16.65946","0.01055"
"109.82400","16.65999","0.01044"
"109.83000","16.66047","0.01044"
"109.83600","16.66101","0.01046"
"109.84200","16.66149","0.01055"
"109.84800","16.66203","0.01070"
"109.85400","16.66251","0.01081"
"109.86000","16.66298","0.01093"
"109.86600","16.66352","0.01108"
"109.87200","16.66400","0.01107"
"109.87800","16.66448","0.01110"
"109.88400","16.66496","0.01112"
"109.89000","16.66543","0.01108"
"109.89600","16.66597","0.01110"
"109.90200","16.66645","0.01104"
"109.90800","16.66693","0.01094"
"109.91400","16.66741","0.01089"
"109.92000","16.66795","0.01079"
"109.92600","16.66842","0.01071"
"109.93200","16.66890","0.01070"
"109.93800","16.66944","0.01072"
"109.94400","16.66992","0.01074"
"109.95000","16.67046","0.01074"
"109.95600","16.67094","0.01068"
"109.96200","16.67147","0.01070"
"109.96800","16.67195","0.01073"
"109.97400","16.67249","0.01074"
"109.98000","16.67297","0.01074"
"109.98600","16.67351","0.01071"
"109.99200","16.67399","0.01077"
"109.99800","16.67452","0.01076"
"110.00400","16.67500","0.01073"
"110.01000","16.67554","0.01077"
"110.01600","16.67602","0.01087"
"110.02200","16.67650","0.01085"
"110.02800","16.67698","0.01085"
"110.03400","16.67751","0.01089"
"110.04000","16.67799","0.01089"
"110.04600","16.67847","0.01095"
"110.05200","16.67895","0.01097"
"110.05800","16.67949","0.01099"
"110.06400","16.67996","0.01101"
"110.07000","16.68044","0.01092"
"110.07600","16.68092","0.01085"
"110.08200","16.68146","0.01080"
"110.08800","16.68194","0.01062"
"110.09400","16.68242","0.01058"
"110.10000","16.68295","0.01065"
"110.10600","16.68349","0.01072"
"110.11200","16.68397","0.01085"
"110.11800","16.68451","0.01097"
"110.12400","16.68499","0.01102"
"110.13000","16.68546","0.01103"
"110.13600","16.68594","0.01098"
"110.14200","16.68648","0.01104"
"110.14800","16.68696","0.01110"
"110.15400","16.68744","0.01109"
"110.16000","16.68792","0.01111"
"110.16600","16.68846","0.01111"
"110.17200","16.68893","0.01097"
"110.17800","16.68947","0.01089"
"110.18400","16.68995","0.01085"
"110.19000","16.69043","0.01086"
"110.19600","16.69091","0.01089"
"110.20200","16.69144","0.01086"
"110.20800","16.69192","0.01083"
"110.21400","16.69240","0.01082"
"110.22000","16.69288","0.01079"
"110.22600","16.69342","0.01074"
"110.23200","16.69390","0.01070"
"110.23800","16.69443","0.01063"
"110.24400","16.69491","0.01058"
"110.25000","16.69545","0.01061"
"110.25600","16.69593","0.01067"
"110.26200","16.69647","0.01080"
"110.26800","16.69695","0.01086"
"110.27400","16.69748","0.01089"
"110.28000","16.69796","0.01093"
"110.28600","16.69844","0.01091"
"110.29200","16.69898","0.01096"
"110.29800","16.69946","0.01109"
"110.30400","16.69993","0.01117"
"110.31000","16.70047","0.01115"
"110.31600","16.70095","0.01108"
"110.32200","16.70143","0.01096"
"110.32800","16.70197","0.01093"
"110.33400","16.70245","0.01087"
"110.34000","16.70292","0.01076"
"110.34600","16.70346","0.01070"
"110.35200","16.70394","0.01066"
"110.35800","16.70448","0.01070"
"110.36400","16.70496","0.01076"
"110.37000","16.70543","0.01074"
"110.37600","16.70597","0.01070"
"110.38200","16.70645","0.01069"
"110.38800","16.70699","0.01057"
"110.39400","16.70747","0.01049"
"110.40000","16.70801","0.01047"
"110.40600","16.70848","0.01056"
"110.41200","16.70902","0.01068"
"110.41800","16.70950","0.01067"
"110.42400","16.70998","0.01068"
"110.43000","16.71052","0.01077"
"110.43600","16.71099","0.01085"
"110.44200","16.71147","0.01089"
"110.44800","16.71201","0.01100"
"110.45400","16.71249","0.01101"
"110.46000","16.71297","0.01101"
"110.46600","16.71350","0.01102"
"110.47200","16.71398","0.01100"
"110.47800","16.71452","0.01108"
"110.48400","16.71500","0.01118"
"110.49000","16.71548","0.01120"
"110.49600","16.71602","0.01108"
"110.50200","16.71650","0.01098"
"110.50800","16.71697","0.01090"
"110.51400","16.71751","0.01087"
"110.52000","16.71799","0.01074"
"110.52600","16.71847","0.01068"
"110.53200","16.71901","0.01064"
"110.53800","16.71948","0.01059"
"110.54400","16.72002","0.01068"
"110.55000","16.72050","0.01081"
"110.55600","16.72098","0.01091"
"110.56200","16.72152","0.01100"
"110.56800","16.72200","0.01098"
"110.57400","16.72248","0.01100"
"110.58000","16.72301","0.01106"
"110.58600","16.72349","0.01103"
"110.59200","16.72397","0.01097"
"110.59800","16.72451","0.01088"
"110.60400","16.72499","0.01079"
"110.61000","16.72546","0.01084"
"110.61600","16.72600","0.01107"
"110.62200","16.72648","0.01123"
"110.62800","16.72696","0.01126"
"110.63400","16.72750","0.01120"
"110.64000","16.72797","0.01110"
"110.64600","16.72845","0.01102"
"110.65200","16.72899","0.01102"
"110.65800","16.72947","0.01108"
"110.66400","16.72995","0.01111"
"110.67000","16.73049","0.01111"
"110.67600","16.73096","0.01112"
"110.68200","16.73150","0.01121"
"110.68800","16.73198","0.01125"
"110.69400","16.73246","0.01129"
"110.70000","16.73300","0.01124"
"110.70600","16.73347","0.01106"
"110.71200","16.73395","0.01093"
"110.71800","16.73449","0.01088"
"110.72400","16.73497","0.01092"
"110.73000","16.73545","0.01100"
"110.73600","16.73599","0.01097"
"110.74200","16.73647","0.01091"
"110.74800","16.73700","0.01089"
"110.75400","16.73748","0.01087"
"110.76000","16.73796","0.01096"
"110.76600","16.73844","0.01109"
"110.77200","16.73898","0.01107"
"110.77800","16.73945","0.01100"
"110.78400","16.73993","0.01087"
"110.79000","16.74047","0.01093"
"110.79600","16.74095","0.01116"
"110.80200","16.74149","0.01121"
"110.80800","16.74196","0.01119"
"110.81400","16.74244","0.01119"
"110.82000","16.74298","0.01117"
"110.82600","16.74346","0.01114"
"110.83200","16.74400","0.01114"
"110.83800","16.74448","0.01119"
"110.84400","16.74496","0.01124"
"110.85000","16.74549","0.01123"
"110.85600","16.74597","0.01131"
"110.86200","16.74651","0.01137"
"110.86800","16.74699","0.01135"
"110.87400","16.74747","0.01130"
"110.88000","16.74800","0.01122"
"110.88600","16.74848","0.01109"
"110.89200","16.74902","0.01098"
"110.89800","16.74950","0.01095"
"110.90400","16.75004","0.01093"
"110.91000","16.75052","0.01090"
"110.91600","16.75099","0.01089"
"110.92200","16.75153","0.01085"
"110.92800","16.75201","0.01089"
"110.93400","16.75249","0.01094"
"110.94000","16.75303","0.01100"
"110.94600","16.75351","0.01111"
"110.95200","16.75398","0.01108"
"110.95800","16.75452","0.01103"
"110.96400","16.75500","0.01102"
"110.97000","16.75548","0.01106"
"110.97600","16.75602","0.01105"
"110.98200","16.75649","0.01106"
"110.98800","16.75703","0.01104"
"110.99400","16.75751","0.01099"
"111.00000","16.75799","0.01097"
"111.00600","16.75853","0.01092"
"111.01200","16.75901","0.01101"
"111.01800","16.75949","0.01114"
"111.02400","16.76002","0.01118"
"111.03000","16.76050","0.01119"
"111.03600","16.76104","0.01120"
"111.04200","16.76152","0.01118"
"111.04800","16.76200","0.01113"
"111.05400","16.76254","0.01102"
"111.06000","16.76301","0.01093"
"111.06600","16.76355","0.01085"
"111.07200","16.76403","0.01076"
"111.07800","16.76451","0.01070"
"111.08400","16.76505","0.01071"
"111.09000","16.76552","0.01076"
"111.09600","16.76600","0.01073"
"111.10200","16.76654","0.01065"
"111.10800","16.76702","0.01067"
"111.11400","16.76750","0.01077"
"111.12000","16.76803","0.01090"
"111.12600","16.76851","0.01108"
"111.13200","16.76899","0.01119"
"111.13800","16.76953","0.01109"
"111.14400","16.77001","0.01102"
"111.15000","16.77048","0.01097"
"111.15600","16.77102","0.01096"
"111.16200","16.77150","0.01100"
"111.16800","16.77204","0.01097"
"111.17400","16.77252","0.01089"
"111.18000","16.77300","0.01085"
"111.18600","16.77353","0.01074"
"111.19200","16.77401","0.01071"
"111.19800","16.77449","0.01071"
"111.20400","16.77497","0.01061"
"111.21000","16.77551","0.01058"
"111.21600","16.77599","0.01066"
"111.22200","16.77646","0.01082"
"111.22800","16.77700","0.01102"
"111.23400","16.77748","0.01116"
"111.24000","16.77802","0.01118"
"111.24600","16.77850","0.01118"
"111.25200","16.77898","0.01102"
"111.25800","16.77951","0.01097"
"111.26400","16.77999","0.01095"
"111.27000","16.78047","0.01091"
"111.27600","16.78101","0.01094"
"111.28200","16.78149","0.01095"
"111.28800","16.78197","0.01092"
"111.29400","16.78250","0.01102"
"111.30000","16.78298","0.01111"
"111.30600","16.78346","0.01110"
"111.31200","16.78400","0.01110"
"111.31800","16.78448","0.01106"
"111.32400","16.78502","0.01097"
"111.33000","16.78549","0.01089"
"111.33600","16.78597","0.01084"
"111.34200","16.78651","0.01083"
"111.34800","16.78699","0.01089"
"111.35400","16.78747","0.01085"
"111.36000","16.78794","0.01085"
"111.36600","16.78848","0.01100"
"111.37200","16.78896","0.01106"
"111.37800","16.78950","0.01108"
"111.38400","16.78998","0.01101"
"111.39000","16.79051","0.01092"
"111.39600","16.79099","0.01091"
"111.40200","16.79153","0.01089"
"111.40800","16.79201","0.01086"
"111.41400","16.79255","0.01088"
"111.42000","16.79303","0.01086"
"111.42600","16.79356","0.01092"
"111.43200","16.79404","0.01106"
"111.43800","16.79458","0.01109"
"111.44400","16.79506","0.01115"
"111.45000","16.79560","0.01120"
"111.45600","16.79607","0.01118"
"111.46200","16.79655","0.01115"
"111.46800","16.79709","0.01113"
"111.47400","16.79757","0.01113"
"111.48000","16.79805","0.01124"
"111.48600","16.79859","0.01118"
"111.49200","16.79906","0.01103"
"111.49800","16.79954","0.01097"
"111.50400","16.80002","0.01090"
"111.51000","16.80050","0.01086"
"111.51600","16.80098","0.01079"
"111.52200","16.80152","0.01065"
"111.52800","16.80199","0.01058"
"111.53400","16.80253","0.01058"
"111.54000","16.80301","0.01071"
"111.54600","16.80355","0.01086"
"111.55200","16.80403","0.01095"
"111.55800","16.80457","0.01099"
"111.56400","16.80504","0.01107"
"111.57000","16.80552","0.01102"
"111.57600","16.80606","0.01097"
"111.58200","16.80654","0.01108"
"111.58800","16.80702","0.01117"
"111.59400","16.80750","0.01117"
"111.60000","16.80803","0.01116"
"111.60600","16.80851","0.01109"
"111.61200","16.80899","0.01101"
"111.61800","16.80953","0.01099"
"111.62400","16.81001","0.01091"
"111.63000","16.81048","0.01089"
"111.63600","16.81096","0.01087"
"111.64200","16.81144","0.01083"
"111.64800","16.81198","0.01090"
"111.65400","16.81246","0.01094"
"111.66000","16.81293","0.01101"
"111.66600","16.81347","0.01100"
"111.67200","16.81395","0.01093"
"111.67800","16.81449","0.01086"
"111.68400","16.81497","0.01083"
"111.69000","16.81551","0.01083"
"111.69600","16.81604","0.01092"
"111.70200","16.81652","0.01087"
"111.70800","16.81700","0.01080"
"111.71400","16.81754","0.01082"
"111.72000","16.81802","0.01091"
"111.72600","16.81856","0.01108"
"111.73200","16.81903","0.01128"
"111.73800","16.81951","0.01141"
"111.74400","16.81999","0.01144"
"111.75000","16.82047","0.01133"
"111.75600","16.82101","0.01119"
"111.76200","16.82149","0.01115"
"111.76800","16.82196","0.01115"
"111.77400","16.82250","0.01112"
"111.78000","16.82298","0.01107"
"111.78600","16.82346","0.01097"
"111.79200","16.82394","0.01103"
"111.79800","16.82447","0.01114"
"111.80400","16.82495","0.01123"
"111.81000","16.82543","0.01127"
"111.81600","16.82597","0.01123"
"111.82200","16.82645","0.01110"
"111.82800","16.82693","0.01102"
"111.83400","16.82747","0.01101"
"111.84000","16.82794","0.01102"
"111.84600","16.82848","0.01103"
"111.85200","16.82896","0.01094"
"111.85800","16.82950","0.01078"
"111.86400","16.82998","0.01072"
"111.87000","16.83045","0.01072"
"111.87600","16.83093","0.01077"
"111.88200","16.83147","0.01088"
"111.88800","16.83195","0.01097"
"111.89400","16.83243","0.01104"
"111.90000","16.83297","0.01109"
"111.90600","16.83344","0.01113"
"111.91200","16.83392","0.01115"
"111.91800","16.83446","0.01107"
"111.92400","16.83494","0.01095"
"111.93000","16.83548","0.01097"
"111.93600","16.83596","0.01098"
"111.94200","16.83643","0.01098"
"111.94800","16.83697","0.01102"
"111.95400","16.83745","0.01109"
"111.96000","16.83799","0.01112"
"111.96600","16.83847","0.01114"
"111.97200","16.83900","0.01113"
"111.97800","16.83948","0.01122"
"111.98400","16.84002","0.01125"
"111.99000","16.84050","0.01122"
"111.99600","16.84104","0.01124"
"112.00200","16.84152","0.01112"
"112.00800","16.84200","0.01102"
"112.01400","16.84253","0.01100"
"112.02000","16.84301","0.01100"
"112.02600","16.84349","0.01099"
"112.03200","16.84403","0.01106"
"112.03800","16.84451","0.01108"
"112.04400","16.84498","0.01111"
"112.05000","16.84546","0.01107"
"112.05600","16.84600","0.01102"
"112.06200","16.84648","0.01105"
"112.06800","16.84696","0.01109"
"112.07400","16.84749","0.01106"
"112.08000","16.84797","0.01116"
"112.08600","16.84845","0.01120"
"112.09200","16.84899","0.01120"
"112.09800","16.84947","0.01119"
"112.10400","16.84995","0.01110"
"112.11000","16.85048","0.01102"
"112.11600","16.85096","0.01090"
"112.12200","16.85150","0.01087"
"112.12800","16.85198","0.01093"
"112.13400","16.85252","0.01090"
"112.14000","16.85299","0.01082"
"112.14600","16.85353","0.01083"
"112.15200","16.85401","0.01085"
"112.15800","16.85449","0.01087"
"112.16400","16.85497","0.01095"
"112.17000","16.85545","0.01100"
"112.17600","16.85599","0.01103"
"112.18200","16.85646","0.01112"
"112.18800","16.85694","0.01114"
"112.19400","16.85748","0.01119"
"112.20000","16.85796","0.01122"
"112.20600","16.85844","0.01115"
"112.21200","16.85897","0.01106"
"112.21800","16.85945","0.01101"
"112.22400","16.85993","0.01098"
"112.23000","16.86047","0.01103"
"112.23600","16.86095","0.01102"
"112.24200","16.86143","0.01095"
"112.24800","16.86196","0.01092"
"112.25400","16.86244","0.01092"
"112.26000","16.86298","0.01094"
"112.26600","16.86346","0.01102"
"112.27200","16.86400","0.01114"
"112.27800","16.86448","0.01131"
"112.28400","16.86501","0.01137"
"112.29000","16.86549","0.01139"
"112.29600","16.86597","0.01142"
"112.30200","16.86651","0.01137"
"112.30800","16.86699","0.01131"
"112.31400","16.86746","0.01127"
"112.32000","16.86794","0.01114"
"112.32600","16.86848","0.01101"
"112.33200","16.86896","0.01100"
"112.33800","16.86950","0.01098"
"112.34400","16.86998","0.01102"
"112.35000","16.87045","0.01104"
"112.35600","16.87093","0.01100"
"112.36200","16.87147","0.01104"
"112.36800","16.87195","0.01106"
"112.37400","16.87243","0.01111"
"112.38000","16.87291","0.01128"
"112.38600","16.87344","0.01126"
"112.39200","16.87392","0.01118"
"112.39800","16.87446","0.01119"
"112.40400","16.87494","0.01122"
"112.41000","16.87547","0.01131"
"112.41600","16.87595","0.01135"
"112.42200","16.87649","0.01138"
"112.42800","16.87697","0.01143"
"112.43400","16.87751","0.01138"
"112.44000","16.87799","0.01131"
"112.44600","16.87847","0.01125"
"112.45200","16.87894","0.01118"
"112.45800","16.87948","0.01107"
"112.46400","16.87996","0.01103"
"112.47000","16.88044","0.01105"
"112.47600","16.88098","0.01104"
"112.48200","16.88145","0.01112"
"112.48800","16.88199","0.01123"
"112.49400","16.88247","0.01132"
"112.50000","16.88295","0.01139"
"112.50600","16.88349","0.01147"
"112.51200","16.88397","0.01161"
"112.51800","16.88450","0.01166"
"112.52400","16.88498","0.01158"
"112.53000","16.88546","0.01151"
"112.53600","16.88600","0.01141"
"112.54200","16.88648","0.01125"
"112.54800","16.88701","0.01116"
"112.55400","16.88749","0.01113"
"112.56000","16.88803","0.01110"
"112.56600","16.88857","0.01102"
"112.57200","16.88905","0.01092"
"112.57800","16.88959","0.01087"
"112.58400","16.89006","0.01086"
"112.59000","16.89054","0.01084"
"112.59600","16.89102","0.01092"
"112.60200","16.89150","0.01096"
"112.60800","16.89204","0.01100"
"112.61400","16.89252","0.01103"
"112.62000","16.89299","0.01102"
"112.62600","16.89353","0.01102"
"112.63200","16.89401","0.01101"
"112.63800","16.89449","0.01091"
"112.64400","16.89503","0.01077"
"112.65000","16.89550","0.01075"
"112.65600","16.89598","0.01074"
"112.66200","16.89652","0.01082"
"112.66800","16.89700","0.01081"
"112.67400","16.89754","0.01061"
"112.68000","16.89802","0.01049"
"112.68600","16.89849","0.01041"
"112.69200","16.89903","0.01047"
"112.69800","16.89951","0.01062"
"112.70400","16.90005","0.01088"
"112.71000","16.90053","0.01111"
"112.71600","16.90101","0.01124"
"112.72200","16.90148","0.01119"
"112.72800","16.90202","0.01126"
"112.73400","16.90250","0.01133"
"112.74000","16.90298","0.01134"
"112.74600","16.90346","0.01131"
"112.75200","16.90400","0.01120"
"112.75800","16.90447","0.01115"
"112.76400","16.90495","0.01111"
"112.77000","16.90543","0.01115"
"112.77600","16.90597","0.01116"
"112.78200","16.90645","0.01114"
"112.78800","16.90693","0.01101"
"112.79400","16.90746","0.01095"
"112.80000","16.90794","0.01094"
"112.80600","16.90848","0.01091"
"112.81200","16.90896","0.01097"
"112.81800","16.90944","0.01101"
"112.82400","16.90997","0.01100"
"112.83000","16.91045","0.01106"
"112.83600","16.91099","0.01111"
"112.84200","16.91153","0.01111"
"112.84800","16.91201","0.01110"
"112.85400","16.91249","0.01102"
"112.86000","16.91302","0.01096"
"112.86600","16.91350","0.01095"
"112.87200","16.91398","0.01089"
"112.87800","16.91446","0.01085"
"112.88400","16.91494","0.01079"
"112.89000","16.91548","0.01077"
"112.89600","16.91595","0.01093"
"112.90200","16.91643","0.01114"
"112.90800","16.91697","0.01128"
"112.91400","16.91745","0.01148"
"112.92000","16.91793","0.01157"
"112.92600","16.91840","0.01166"
"112.93200","16.91894","0.01170"
"112.93800","16.91942","0.01171"
"112.94400","16.91996","0.01168"
"112.95000","16.92044","0.01165"
"112.95600","16.92092","0.01159"
"112.96200","16.92145","0.01147"
"112.96800","16.92199","0.01141"
"112.97400","16.92247","0.01128"
"112.98000","16.92301","0.01113"
"112.98600","16.92349","0.01106"
"112.99200","16.92402","0.01105"
"112.99800","16.92450","0.01108"
"113.00400","16.92504","0.01116"
"113.01000","16.92552","0.01121"
"113.01600","16.92600","0.01120"
"113.02200","16.92648","0.01117"
"113.02800","16.92702","0.01115"
"113.03400","16.92749","0.01114"
"113.04000","16.92797","0.01105"
"113.04600","16.92845","0.01104"
"113.05200","16.92899","0.01099"
"113.05800","16.92947","0.01095"
"113.06400","16.92994","0.01104"
"113.07000","16.93048","0.01109"
"113.07600","16.93096","0.01107"
"113.08200","16.93150","0.01109"
"113.08800","16.93198","0.01114"
"113.09400","16.93246","0.01125"
"113.10000","16.93299","0.01128"
"113.10600","16.93347","0.01118"
"113.11200","16.93401","0.01116"
"113.11800","16.93449","0.01126"
"113.12400","16.93503","0.01135"
"113.13000","16.93556","0.01141"
"113.13600","16.93604","0.01151"
"113.14200","16.93652","0.01145"
"113.14800","16.93706","0.01135"
"113.15400","16.93754","0.01131"
"113.16000","16.93808","0.01128"
"113.16600","16.93855","0.01121"
"113.17200","16.93903","0.01115"
"113.17800","16.93951","0.01116"
"113.18400","16.94005","0.01124"
"113.19000","16.94053","0.01125"
"113.19600","16.94101","0.01135"
"113.20200","16.94154","0.01142"
"113.20800","16.94202","0.01148"
"113.21400","16.94250","0.01148"
"113.22000","16.94304","0.01147"
"113.22600","16.94352","0.01143"
"113.23200","16.94399","0.01145"
"113.23800","16.94453","0.01145"
"113.24400","16.94501","0.01141"
"113.25000","16.94555","0.01134"
"113.25600","16.94603","0.01119"
"113.26200","16.94651","0.01112"
"113.26800","16.94704","0.01111"
"113.27400","16.94752","0.01104"
"113.28000","16.94806","0.01104"
"113.28600","16.94854","0.01103"
"113.29200","16.94902","0.01108"
"113.29800","16.94950","0.01117"
"113.30400","16.95003","0.01117"
"113.31000","16.95051","0.01122"
"113.31600","16.95099","0.01123"
"113.32200","16.95153","0.01120"
"113.32800","16.95201","0.01122"
"113.33400","16.95248","0.01120"
"113.34000","16.95296","0.01113"
"113.34600","16.95344","0.01115"
"113.35200","16.95398","0.01120"
"113.35800","16.95446","0.01115"
"113.36400","16.95494","0.01107"
"113.37000","16.95542","0.01096"
"113.37600","16.95595","0.01094"
"113.38200","16.95643","0.01095"
"113.38800","16.95691","0.01091"
"113.39400","16.95745","0.01088"
"113.40000","16.95793","0.01086"
"113.40600","16.95846","0.01086"
"113.41200","16.95894","0.01099"
"113.41800","16.95948","0.01104"
"113.42400","16.95996","0.01094"
"113.43000","16.96050","0.01099"
"113.43600","16.96098","0.01111"
"113.44200","16.96145","0.01119"
"113.44800","16.96199","0.01130"
"113.45400","16.96247","0.01130"
"113.46000","16.96295","0.01125"
"113.46600","16.96349","0.01126"
"113.47200","16.96396","0.01129"
"113.47800","16.96444","0.01129"
"113.48400","16.96492","0.01122"
"113.49000","16.96546","0.01111"
"113.49600","16.96594","0.01106"
"113.50200","16.96642","0.01102"
"113.50800","16.96695","0.01103"
"113.51400","16.96743","0.01110"
"113.52000","16.96797","0.01110"
"113.52600","16.96845","0.01102"
"113.53200","16.96899","0.01090"
"113.53800","16.96947","0.01080"
"113.54400","16.97000","0.01078"
"113.55000","16.97048","0.01086"
"113.55600","16.97102","0.01093"
"113.56200","16.97150","0.01105"
"113.56800","16.97203","0.01109"
"113.57400","16.97251","0.01109"
"113.58000","16.97299","0.01114"
"113.58600","16.97353","0.01118"
"113.59200","16.97401","0.01123"
"113.59800","16.97455","0.01128"
"113.60400","16.97503","0.01122"
"113.61000","16.97550","0.01116"
"113.61600","16.97604","0.01114"
"113.62200","16.97652","0.01114"
"113.62800","16.97700","0.01113"
"113.63400","16.97754","0.01105"
"113.64000","16.97801","0.01086"
"113.64600","16.97849","0.01081"
"113.65200","16.97897","0.01084"
"113.65800","16.97945","0.01090"
"113.66400","16.97999","0.01099"
"113.67000","16.98046","0.01113"
"113.67600","16.98094","0.01121"
"113.68200","16.98148","0.01126"
"113.68800","16.98196","0.01126"
"113.69400","16.98250","0.01128"
"113.70000","16.98298","0.01129"
"113.70600","16.98352","0.01127"
"113.71200","16.98399","0.01129"
"113.71800","16.98453","0.01137"
"113.72400","16.98501","0.01139"
"113.73000","16.98549","0.01138"
"113.73600","16.98597","0.01137"
"113.74200","16.98644","0.01126"
"113.74800","16.98698","0.01118"
"113.75400","16.98746","0.01105"
"113.76000","16.98794","0.01095"
"113.76600","16.98848","0.01100"
"113.77200","16.98896","0.01101"
"113.77800","16.98949","0.01104"
"113.78400","16.98997","0.01105"
"113.79000","16.99051","0.01100"
"113.79600","16.99099","0.01099"
"113.80200","16.99147","0.01103"
"113.80800","16.99201","0.01108"
"113.81400","16.99248","0.01117"
"113.82000","16.99296","0.01117"
"113.82600","16.99350","0.01118"
"113.83200","16.99398","0.01117"
"113.83800","16.99446","0.01121"
"113.84400","16.99500","0.01118"
"113.85000","16.99553","0.01119"
"113.85600","16.99601","0.01113"
"113.86200","16.99655","0.01117"
"113.86800","16.99703","0.01121"
"113.87400","16.99751","0.01120"
"113.88000","16.99804","0.01125"
"113.88600","16.99852","0.01130"
"113.89200","16.99900","0.01131"
"113.89800","16.99948","0.01127"
"113.90400","16.99996","0.01113"
"113.91000","17.00044","0.01099"
"113.91600","17.00097","0.01095"
"113.92200","17.00145","0.01091"
"113.92800","17.00193","0.01088"
"113.93400","17.00247","0.01093"
"113.94000","17.00295","0.01093"
"113.94600","17.00343","0.01101"
"113.95200","17.00396","0.01106"
"113.95800","17.00444","0.01105"
"113.96400","17.00492","0.01111"
"113.97000","17.00540","0.01119"
"113.97600","17.00594","0.01120"
"113.98200","17.00642","0.01130"
"113.98800","17.00689","0.01132"
"113.99400","17.00743","0.01126"
"114.00000","17.00797","0.01119"
"114.00600","17.00845","0.01114"
"114.01200","17.00893","0.01115"
"114.01800","17.00946","0.01112"
"114.02400","17.00994","0.01102"
"114.03000","17.01042","0.01092"
"114.03600","17.01090","0.01083"
"114.04200","17.01144","0.01081"
"114.04800","17.01192","0.01077"
"114.05400","17.01245","0.01075"
"114.06000","17.01293","0.01083"
"114.06600","17.01341","0.01097"
"114.07200","17.01395","0.01103"
"114.07800","17.01443","0.01114"
"114.08400","17.01497","0.01125"
"114.09000","17.01544","0.01129"
"114.09600","17.01598","0.01132"
"114.10200","17.01646","0.01134"
"114.10800","17.01694","0.01133"
"114.11400","17.01748","0.01132"
"114.12000","17.01796","0.01125"
"114.12600","17.01849","0.01119"
"114.13200","17.01897","0.01118"
"114.13800","17.01951","0.01115"
"114.14400","17.01999","0.01111"
"114.15000","17.02047","0.01102"
"114.15600","17.02100","0.01089"
"114.16200","17.02148","0.01091"
"114.16800","17.02196","0.01111"
"114.17400","17.02250","0.01125"
"114.18000","17.02298","0.01127"
"114.18600","17.02345","0.01126"
"114.19200","17.02399","0.01133"
"114.19800","17.02447","0.01146"
"114.20400","17.02495","0.01150"
"114.21000","17.02549","0.01154"
"114.21600","17.02597","0.01157"
"114.22200","17.02645","0.01147"
"114.22800","17.02698","0.01148"
"114.23400","17.02746","0.01152"
"114.24000","17.02800","0.01144"
"114.24600","17.02848","0.01134"
"114.25200","17.02896","0.01119"
"114.25800","17.02949","0.01102"
"114.26400","17.02997","0.01098"
"114.27000","17.03051","0.01101"
"114.27600","17.03099","0.01103"
"114.28200","17.03147","0.01102"
"114.28800","17.03201","0.01092"
"114.29400","17.03248","0.01084"
"114.30000","17.03296","0.01089"
"114.30600","17.03344","0.01094"
"114.31200","17.03398","0.01102"
"114.31800","17.03446","0.01115"
"114.32400","17.03499","0.01128"
"114.33000","17.03547","0.01135"
"114.33600","17.03595","0.01135"
"114.34200","17.03649","0.01137"
"114.34800","17.03697","0.01139"
"114.35400","17.03745","0.01129"
"114.36000","17.03798","0.01120"
"114.36600","17.03846","0.01122"
"114.37200","17.03900","0.01117"
"114.37800","17.03948","0.01111"
"114.38400","17.03996","0.01116"
"114.39000","17.04044","0.01120"
"114.39600","17.04097","0.01120"
"114.40200","17.04145","0.01118"
"114.40800","17.04193","0.01114"
"114.41400","17.04241","0.01114"
"114.42000","17.04295","0.01105"
"114.42600","17.04342","0.01102"
"114.43200","17.04390","0.01104"
"114.43800","17.04438","0.01113"
"114.44400","17.04486","0.01126"
"114.45000","17.04540","0.01136"
"114.45600","17.04588","0.01135"
"114.46200","17.04635","0.01127"
"114.46800","17.04689","0.01119"
"114.47400","17.04737","0.01116"
"114.48000","17.04791","0.01116"
"114.48600","17.04839","0.01120"
"114.49200","17.04893","0.01131"
"114.49800","17.04940","0.01145"
"114.50400","17.04994","0.01145"
"114.51000","17.05042","0.01135"
"114.51600","17.05096","0.01129"
"114.52200","17.05144","0.01126"
"114.52800","17.05191","0.01132"
"114.53400","17.05239","0.01135"
"114.54000","17.05293","0.01131"
"114.54600","17.05341","0.01138"
"114.55200","17.05395","0.01139"
"114.55800","17.05443","0.01128"
"114.56400","17.05496","0.01116"
"114.57000","17.05544","0.01098"
"114.57600","17.05598","0.01089"
"114.58200","17.05646","0.01095"
"114.58800","17.05694","0.01101"
"114.59400","17.05747","0.01108"
"114.60000","17.05795","0.01116"
"114.60600","17.05849","0.01128"
"114.61200","17.05897","0.01141"
"114.61800","17.05951","0.01147"
"114.62400","17.05999","0.01144"
"114.63000","17.06052","0.01144"
"114.63600","17.06100","0.01143"
"114.64200","17.06154","0.01136"
"114.64800","17.06202","0.01132"
"114.65400","17.06256","0.01121"
"114.66000","17.06304","0.01111"
"114.66600","17.06351","0.01108"
"114.67200","17.06405","0.01104"
"114.67800","17.06453","0.01105"
"114.68400","17.06501","0.01107"
"114.69000","17.06555","0.01113"
"114.69600","17.06603","0.01122"
"114.70200","17.06650","0.01124"
"114.70800","17.06704","0.01123"
"114.71400","17.06752","0.01119"
"114.72000","17.06806","0.01110"
"114.72600","17.06854","0.01104"
"114.73200","17.06901","0.01094"
"114.73800","17.06949","0.01091"
"114.74400","17.07003","0.01099"
"114.75000","17.07051","0.01104"
"114.75600","17.07099","0.01106"
"114.76200","17.07153","0.01105"
"114.76800","17.07200","0.01111"
"114.77400","17.07254","0.01108"
"114.78000","17.07302","0.01104"
"114.78600","17.07356","0.01097"
"114.79200","17.07404","0.01089"
"114.79800","17.07452","0.01090"
"114.80400","17.07505","0.01092"
"114.81000","17.07553","0.01093"
"114.81600","17.07607","0.01095"
"114.82200","17.07655","0.01093"
"114.82800","17.07703","0.01096"
"114.83400","17.07756","0.01109"
"114.84000","17.07804","0.01116"
"114.84600","17.07852","0.01120"
"114.85200","17.07900","0.01123"
"114.85800","17.07954","0.01122"
"114.86400","17.08002","0.01125"
"114.87000","17.08050","0.01128"
"114.87600","17.08097","0.01126"
"114.88200","17.08151","0.01129"
"114.88800","17.08199","0.01124"
"114.89400","17.08253","0.01122"
"114.90000","17.08301","0.01126"
"114.90600","17.08348","0.01129"
"114.91200","17.08402","0.01134"
"114.91800","17.08450","0.01137"
"114.92400","17.08504","0.01134"
"114.93000","17.08552","0.01129"
"114.93600","17.08599","0.01124"
"114.94200","17.08653","0.01117"
"114.94800","17.08701","0.01120"
"114.95400","17.08749","0.01122"
"114.96000","17.08803","0.01121"
"114.96600","17.08851","0.01125"
"114.97200","17.08899","0.01128"
"114.97800","17.08946","0.01128"
"114.98400","17.09000","0.01127"
"114.99000","17.09048","0.01130"
"114.99600","17.09096","0.01139"
"115.00200","17.09144","0.01145"
"115.00800","17.09197","0.01150"
"115.01400","17.09245","0.01158"
"115.02000","17.09293","0.01158"
"115.02600","17.09341","0.01154"
"115.03200","17.09395","0.01157"
"115.03800","17.09443","0.01149"
"115.04400","17.09496","0.01146"
"115.05000","17.09544","0.01146"
"115.05600","17.09592","0.01135"
"115.06200","17.09646","0.01127"
"115.06800","17.09694","0.01125"
"115.07400","17.09748","0.01119"
"115.08000","17.09795","0.01121"
"115.08600","17.09843","0.01123"
"115.09200","17.09897","0.01124"
"115.09800","17.09945","0.01130"
"115.10400","17.09993","0.01130"
"115.11000","17.10046","0.01129"
"115.11600","17.10094","0.01129"
"115.12200","17.10148","0.01126"
"115.12800","17.10196","0.01130"
"115.13400","17.10250","0.01145"
"115.14000","17.10298","0.01159"
"115.14600","17.10351","0.01165"
"115.15200","17.10399","0.01163"
"115.15800","17.10453","0.01154"
"115.16400","17.10501","0.01138"
"115.17000","17.10549","0.01117"
"115.17600","17.10596","0.01104"
"115.18200","17.10650","0.01098"
"115.18800","17.10698","0.01098"
"115.19400","17.10752","0.01103"
"115.20000","17.10800","0.01119"
"115.20600","17.10848","0.01124"
"115.21200","17.10901","0.01126"
"115.21800","17.10949","0.01121"
"115.22400","17.11003","0.01113"
"115.23000","17.11051","0.01113"
"115.23600","17.11099","0.01120"
"115.24200","17.11152","0.01129"
"115.24800","17.11200","0.01141"
"115.25400","17.11248","0.01146"
"115.26000","17.11302","0.01145"
"115.26600","17.11350","0.01147"
"115.27200","17.11398","0.01133"
"115.27800","17.11452","0.01126"
"115.28400","17.11499","0.01135"
"115.29000","17.11553","0.01136"
"115.29600","17.11601","0.01135"
"115.30200","17.11649","0.01133"
"115.30800","17.11703","0.01137"
"115.31400","17.11750","0.01142"
"115.32000","17.11798","0.01131"
"115.32600","17.11846","0.01117"
"115.33200","17.11900","0.01110"
"115.33800","17.11948","0.01109"
"115.34400","17.11996","0.01117"
"115.35000","17.12049","0.01134"
"115.35600","17.12097","0.01150"
"115.36200","17.12151","0.01159"
"115.36800","17.12199","0.01161"
"115.37400","17.12247","0.01157"
"115.38000","17.12300","0.01159"
"115.38600","17.12348","0.01154"
"115.39200","17.12396","0.01140"
"115.39800","17.12450","0.01119"
"115.40400","17.12498","0.01100"
"115.41000","17.12546","0.01091"
"115.41600","17.12599","0.01089"
"115.42200","17.12647","0.01094"
"115.42800","17.12701","0.01099"
"115.43400","17.12749","0.01105"
"115.44000","17.12803","0.01109"
"115.44600","17.12851","0.01125"
"115.45200","17.12904","0.01131"
"115.45800","17.12952","0.01135"
"115.46400","17.13000","0.01145"
"115.47000","17.13048","0.01146"
"115.47600","17.13096","0.01146"
"115.48200","17.13149","0.01152"
"115.48800","17.13197","0.01161"
"115.49400","17.13245","0.01168"
"115.50000","17.13299","0.01166"
"115.50600","17.13347","0.01147"
"115.51200","17.13395","0.01123"
"115.51800","17.13442","0.01113"
"115.52400","17.13496","0.01116"
"115.53000","17.13544","0.01122"
"115.53600","17.13592","0.01121"
"115.54200","17.13646","0.01113"
"115.54800","17.13693","0.01109"
"115.55400","17.13747","0.01106"
"115.56000","17.13795","0.01109"
"115.56600","17.13849","0.01121"
"115.57200","17.13897","0.01125"
"115.57800","17.13945","0.01127"
"115.58400","17.13998","0.01127"
"115.59000","17.14046","0.01128"
"115.59600","17.14094","0.01132"
"115.60200","17.14148","0.01136"
"115.60800","17.14196","0.01132"
"115.61400","17.14244","0.01129"
"115.62000","17.14291","0.01122"
"115.62600","17.14339","0.01120"
"115.63200","17.14393","0.01130"
"115.63800","17.14441","0.01133"
"115.64400","17.14489","0.01131"
"115.65000","17.14543","0.01128"
"115.65600","17.14590","0.01128"
"115.66200","17.14638","0.01139"
"115.66800","17.14692","0.01154"
"115.67400","17.14740","0.01157"
"115.68000","17.14794","0.01154"
"115.68600","17.14841","0.01142"
"115.69200","17.14895","0.01128"
"115.69800","17.14949","0.01123"
"115.70400","17.14997","0.01121"
"115.71000","17.15051","0.01118"
"115.71600","17.15099","0.01124"
"115.72200","17.15152","0.01120"
"115.72800","17.15200","0.01122"
"115.73400","17.15254","0.01125"
"115.74000","17.15302","0.01130"
"115.74600","17.15350","0.01139"
"115.75200","17.15404","0.01145"
"115.75800","17.15451","0.01149"
"115.76400","17.15505","0.01156"
"115.77000","17.15553","0.01163"
"115.77600","17.15601","0.01169"
"115.78200","17.15655","0.01178"
"115.78800","17.15703","0.01172"
"115.79400","17.15750","0.01154"
"115.80000","17.15804","0.01139"
"115.80600","17.15852","0.01127"
"115.81200","17.15900","0.01124"
"115.81800","17.15948","0.01120"
"115.82400","17.16002","0.01112"
"115.83000","17.16049","0.01107"
"115.83600","17.16103","0.01101"
"115.84200","17.16151","0.01098"
"115.84800","17.16199","0.01112"
"115.85400","17.16253","0.01122"
"115.86000","17.16300","0.01113"
"115.86600","17.16354","0.01106"
"115.87200","17.16402","0.01095"
"115.87800","17.16456","0.01084"
"115.88400","17.16504","0.01083"
"115.89000","17.16552","0.01088"
"115.89600","17.16605","0.01093"
"115.90200","17.16653","0.01095"
"115.90800","17.16701","0.01098"
"115.91400","17.16755","0.01108"
"115.92000","17.16803","0.01119"
"115.92600","17.16850","0.01130"
"115.93200","17.16904","0.01139"
"115.93800","17.16952","0.01130"
"115.94400","17.17000","0.01124"
"115.95000","17.17048","0.01126"
"115.95600","17.17102","0.01132"
"115.96200","17.17150","0.01139"
"115.96800","17.17197","0.01140"
"115.97400","17.17251","0.01120"
"115.98000","17.17299","0.01103"
"115.98600","17.17347","0.01094"
"115.99200","17.17401","0.01097"
"115.99800","17.17448","0.01116"
"116.00400","17.17502","0.01131"
"116.01000","17.17550","0.01130"
"116.01600","17.17598","0.01132"
"116.02200","17.17652","0.01137"
"116.02800","17.17699","0.01145"
"116.03400","17.17747","0.01156"
"116.04000","17.17801","0.01157"
"116.04600","17.17849","0.01154"
"116.05200","17.17897","0.01147"
"116.05800","17.17945","0.01139"
"116.06400","17.17999","0.01139"
"116.07000","17.18046","0.01126"
"116.07600","17.18094","0.01114"
"116.08200","17.18148","0.01116"
"116.08800","17.18196","0.01114"
"116.09400","17.18244","0.01113"
"116.10000","17.18297","0.01117"
"116.10600","17.18345","0.01117"
"116.11200","17.18393","0.01117"
"116.11800","17.18447","0.01121"
"116.12400","17.18495","0.01127"
"116.13000","17.18542","0.01135"
"116.13600","17.18596","0.01140"
"116.14200","17.18644","0.01139"
"116.14800","17.18698","0.01132"
"116.15400","17.18746","0.01122"
"116.16000","17.18800","0.01118"
"116.16600","17.18847","0.01125"
"116.17200","17.18895","0.01128"
"116.17800","17.18949","0.01120"
"116.18400","17.18997","0.01111"
"116.19000","17.19051","0.01110"
"116.19600","17.19098","0.01117"
"116.20200","17.19146","0.01123"
"116.20800","17.19194","0.01132"
"116.21400","17.19248","0.01145"
"116.22000","17.19296","0.01151"
"116.22600","17.19344","0.01156"
"116.23200","17.19391","0.01163"
"116.23800","17.19445","0.01163"
"116.24400","17.19493","0.01166"
"116.25000","17.19547","0.01161"
"116.25600","17.19595","0.01141"
"116.26200","17.19649","0.01126"
"116.26800","17.19696","0.01112"
"116.27400","17.19744","0.01099"
"116.28000","17.19798","0.01104"
"116.28600","17.19852","0.01108"
"116.29200","17.19900","0.01112"
"116.29800","17.19948","0.01114"
"116.30400","17.20001","0.01115"
"116.31000","17.20049","0.01123"
"116.31600","17.20103","0.01134"
"116.32200","17.20151","0.01138"
"116.32800","17.20205","0.01139"
"116.33400","17.20252","0.01134"
"116.34000","17.20300","0.01131"
"116.34600","17.20348","0.01129"
"116.35200","17.20396","0.01124"
"116.35800","17.20450","0.01114"
"116.36400","17.20498","0.01106"
"116.37000","17.20545","0.01097"
"116.37600","17.20593","0.01092"
"116.38200","17.20641","0.01099"
"116.38800","17.20695","0.01102"
"116.39400","17.20743","0.01114"
"116.40000","17.20797","0.01128"
"116.40600","17.20844","0.01130"
"116.41200","17.20898","0.01124"
"116.41800","17.20946","0.01123"
"116.42400","17.21000","0.01122"
"116.43000","17.21048","0.01126"
"116.43600","17.21101","0.01129"
"116.44200","17.21149","0.01136"
"116.44800","17.21197","0.01144"
"116.45400","17.21251","0.01147"
"116.46000","17.21299","0.01158"
"116.46600","17.21353","0.01167"
"116.47200","17.21400","0.01168"
"116.47800","17.21448","0.01168"
"116.48400","17.21496","0.01168"
"116.49000","17.21550","0.01172"
"116.49600","17.21598","0.01169"
"116.50200","17.21646","0.01164"
"116.50800","17.21693","0.01148"
"116.51400","17.21747","0.01134"
"116.52000","17.21795","0.01122"
"116.52600","17.21843","0.01123"
"116.53200","17.21891","0.01134"
"116.53800","17.21944","0.01143"
"116.54400","17.21992","0.01139"
"116.55000","17.22046","0.01140"
"116.55600","17.22094","0.01138"
"116.56200","17.22142","0.01135"
"116.56800","17.22196","0.01138"
"116.57400","17.22249","0.01141"
"116.58000","17.22297","0.01146"
"116.58600","17.22345","0.01141"
"116.59200","17.22399","0.01135"
"116.59800","17.22447","0.01140"
"116.60400","17.22495","0.01139"
"116.61000","17.22542","0.01129"
"116.61600","17.22596","0.01125"
"116.62200","17.22644","0.01111"
"116.62800","17.22692","0.01104"
"116.63400","17.22740","0.01106"
"116.64000","17.22793","0.01109"
"116.64600","17.22841","0.01115"
"116.65200","17.22889","0.01119"
"116.65800","17.22943","0.01117"
"116.66400","17.22991","0.01126"
"116.67000","17.23039","0.01132"
"116.67600","17.23092","0.01137"
"116.68200","17.23140","0.01145"
"116.68800","17.23188","0.01153"
"116.69400","17.23242","0.01163"
"116.70000","17.23296","0.01174"
"116.70600","17.23343","0.01188"
"116.71200","17.23397","0.01188"
"116.71800","17.23445","0.01179"
"116.72400","17.23499","0.01166"
"116.73000","17.23547","0.01153"
"116.73600","17.23601","0.01140"
"116.74200","17.23649","0.01126"
"116.74800","17.23696","0.01126"
"116.75400","17.23750","0.01132"
"116.76000","17.23798","0.01132"
"116.76600","17.23846","0.01131"
"116.77200","17.23894","0.01137"
"116.77800","17.23947","0.01147"
"116.78400","17.23995","0.01155"
"116.79000","17.24043","0.01154"
"116.79600","17.24097","0.01157"
"116.80200","17.24145","0.01163"
"116.80800","17.24193","0.01165"
"116.81400","17.24246","0.01168"
"116.82000","17.24294","0.01170"
"116.82600","17.24348","0.01165"
"116.83200","17.24396","0.01159"
"116.83800","17.24444","0.01152"
"116.84400","17.24498","0.01145"
"116.85000","17.24551","0.01146"
"116.85600","17.24599","0.01152"
"116.86200","17.24653","0.01157"
"116.86800","17.24701","0.01155"
"116.87400","17.24755","0.01148"
"116.88000","17.24803","0.01139"
"116.88600","17.24856","0.01132"
"116.89200","17.24904","0.01128"
"116.89800","17.24952","0.01134"
"116.90400","17.25000","0.01131"
"116.91000","17.25054","0.01126"
"116.91600","17.25101","0.01131"
"116.92200","17.25149","0.01132"
"116.92800","17.25197","0.01142"
"116.93400","17.25251","0.01152"
"116.94000","17.25299","0.01149"
"116.94600","17.25347","0.01143"
"116.95200","17.25400","0.01136"
"116.95800","17.25448","0.01129"
"116.96400","17.25502","0.01137"
"116.97000","17.25550","0.01143"
"116.97600","17.25598","0.01140"
"116.98200","17.25652","0.01145"
"116.98800","17.25699","0.01149"
"116.99400","17.25753","0.01149"
"117.00000","17.25801","0.01151"
"117.00600","17.25855","0.01150"
"117.01200","17.25903","0.01150"
"117.01800","17.25950","0.01147"
"117.02400","17.26004","0.01140"
"117.03000","17.26052","0.01138"
"117.03600","17.26106","0.01143"
"117.04200","17.26154","0.01143"
"117.04800","17.26202","0.01144"
"117.05400","17.26250","0.01144"
"117.06000","17.26297","0.01142"
"117.06600","17.26351","0.01155"
"117.07200","17.26399","0.01166"
"117.07800","17.26447","0.01168"
"117.08400","17.26501","0.01160"
"117.09000","17.26548","0.01149"
"117.09600","17.26596","0.01152"
"117.10200","17.26644","0.01162"
"117.10800","17.26698","0.01167"
"117.11400","17.26746","0.01171"
"117.12000","17.26793","0.01171"
"117.12600","17.26847","0.01165"
"117.13200","17.26895","0.01156"
"117.13800","17.26949","0.01152"
"117.14400","17.26997","0.01149"
"117.15000","17.27051","0.01147"
"117.15600","17.27098","0.01140"
"117.16200","17.27146","0.01135"
"117.16800","17.27200","0.01135"
"117.17400","17.27248","0.01133"
"117.18000","17.27296","0.01142"
"117.18600","17.27344","0.01143"
"117.19200","17.27391","0.01133"
"117.19800","17.27445","0.01133"
"117.20400","17.27493","0.01137"
"117.21000","17.27541","0.01143"
"117.21600","17.27595","0.01147"
"117.22200","17.27642","0.01144"
"117.22800","17.27690","0.01143"
"117.23400","17.27744","0.01147"
"117.24000","17.27792","0.01147"
"117.24600","17.27840","0.01145"
"117.25200","17.27894","0.01138"
"117.25800","17.27942","0.01118"
"117.26400","17.27995","0.01107"
"117.27000","17.28043","0.01103"
"117.27600","17.28097","0.01097"
"117.28200","17.28145","0.01098"
"117.28800","17.28198","0.01101"
"117.29400","17.28246","0.01101"
"117.30000","17.28300","0.01106"
"117.30600","17.28348","0.01108"
"117.31200","17.28402","0.01116"
"117.31800","17.28450","0.01134"
"117.32400","17.28503","0.01150"
"117.33000","17.28551","0.01165"
"117.33600","17.28599","0.01169"
"117.34200","17.28653","0.01165"
"117.34800","17.28701","0.01169"
"117.35400","17.28749","0.01173"
"117.36000","17.28802","0.01174"
"117.36600","17.28850","0.01166"
"117.37200","17.28904","0.01149"
"117.37800","17.28952","0.01133"
"117.38400","17.29000","0.01126"
"117.39000","17.29053","0.01120"
"117.39600","17.29101","0.01120"
"117.40200","17.29149","0.01109"
"117.40800","17.29203","0.01093"
"117.41400","17.29251","0.01085"
"117.42000","17.29305","0.01090"
"117.42600","17.29352","0.01101"
"117.43200","17.29406","0.01115"
"117.43800","17.29454","0.01119"
"117.44400","17.29502","0.01117"
"117.45000","17.29556","0.01123"
"117.45600","17.29604","0.01127"
"117.46200","17.29657","0.01133"
"117.46800","17.29705","0.01142"
"117.47400","17.29753","0.01140"
"117.48000","17.29801","0.01146"
"117.48600","17.29849","0.01151"
"117.49200","17.29902","0.01145"
"117.49800","17.29950","0.01150"
"117.50400","17.29998","0.01155"
"117.51000","17.30052","0.01147"
"117.51600","17.30100","0.01142"
"117.52200","17.30148","0.01140"
"117.52800","17.30201","0.01138"
"117.53400","17.30249","0.01148"
"117.54000","17.30297","0.01159"
"117.54600","17.30351","0.01165"
"117.55200","17.30399","0.01152"
"117.55800","17.30446","0.01136"
"117.56400","17.30500","0.01134"
"117.57000","17.30548","0.01135"
"117.57600","17.30602","0.01134"
"117.58200","17.30650","0.01134"
"117.58800","17.30704","0.01134"
"117.59400","17.30751","0.01136"
"117.60000","17.30805","0.01149"
"117.60600","17.30853","0.01162"
"117.61200","17.30901","0.01176"
"117.61800","17.30955","0.01184"
"117.62400","17.31003","0.01175"
"117.63000","17.31050","0.01161"
"117.63600","17.31104","0.01154"
"117.64200","17.31152","0.01153"
"117.64800","17.31200","0.01163"
"117.65400","17.31248","0.01173"
"117.66000","17.31296","0.01176"
"117.66600","17.31349","0.01176"
"117.67200","17.31397","0.01174"
"117.67800","17.31445","0.01165"
"117.68400","17.31499","0.01160"
"117.69000","17.31547","0.01150"
"117.69600","17.31601","0.01142"
"117.70200","17.31648","0.01132"
"117.70800","17.31696","0.01126"
"117.71400","17.31750","0.01131"
"117.72000","17.31798","0.01141"
"117.72600","17.31852","0.01142"
"117.73200","17.31900","0.01138"
"117.73800","17.31947","0.01132"
"117.74400","17.32001","0.01134"
"117.75000","17.32049","0.01141"
"117.75600","17.32097","0.01141"
"117.76200","17.32151","0.01140"
"117.76800","17.32198","0.01140"
"117.77400","17.32246","0.01137"
"117.78000","17.32294","0.01145"
"117.78600","17.32348","0.01156"
"117.79200","17.32396","0.01158"
"117.79800","17.32444","0.01152"
"117.80400","17.32497","0.01135"
"117.81000","17.32545","0.01121"
"117.81600","17.32593","0.01125"
"117.82200","17.32647","0.01137"
"117.82800","17.32695","0.01140"
"117.83400","17.32743","0.01136"
"117.84000","17.32796","0.01137"
"117.84600","17.32844","0.01147"
"117.85200","17.32898","0.01157"
"117.85800","17.32946","0.01152"
"117.86400","17.33000","0.01148"
"117.87000","17.33047","0.01143"
"117.87600","17.33101","0.01134"
"117.88200","17.33149","0.01130"
"117.88800","17.33203","0.01124"
"117.89400","17.33251","0.01130"
"117.90000","17.33305","0.01141"
"117.90600","17.33352","0.01145"
"117.91200","17.33400","0.01144"
"117.91800","17.33454","0.01147"
"117.92400","17.33502","0.01145"
"117.93000","17.33550","0.01148"
"117.93600","17.33603","0.01150"
"117.94200","17.33651","0.01141"
"117.94800","17.33699","0.01131"
"117.95400","17.33747","0.01125"
"117.96000","17.33801","0.01131"
"117.96600","17.33849","0.01152"
"117.97200","17.33896","0.01153"
"117.97800","17.33950","0.01149"
"117.98400","17.33998","0.01146"
"117.99000","17.34052","0.01140"
"117.99600","17.34100","0.01138"
"118.00200","17.34148","0.01140"
"118.00800","17.34201","0.01146"
"118.01400","17.34249","0.01156"
"118.02000","17.34303","0.01164"
"118.02600","17.34351","0.01163"
"118.03200","17.34405","0.01167"
"118.03800","17.34452","0.01168"
"118.04400","17.34500","0.01166"
"118.05000","17.34554","0.01161"
"118.05600","17.34602","0.01152"
"118.06200","17.34656","0.01153"
"118.06800","17.34704","0.01161"
"118.07400","17.34752","0.01165"
"118.08000","17.34805","0.01165"
"118.08600","17.34853","0.01156"
"118.09200","17.34901","0.01144"
"118.09800","17.34949","0.01135"
"118.10400","17.35003","0.01126"
"118.11000","17.35050","0.01118"
"118.11600","17.35098","0.01111"
"118.12200","17.35152","0.01107"
"118.12800","17.35200","0.01105"
"118.13400","17.35248","0.01104"
"118.14000","17.35302","0.01094"
"118.14600","17.35349","0.01096"
"118.15200","17.35403","0.01097"
"118.15800","17.35451","0.01091"
"118.16400","17.35505","0.01088"
"118.17000","17.35553","0.01091"
"118.17600","17.35600","0.01098"
"118.18200","17.35654","0.01110"
"118.18800","17.35702","0.01124"
"118.19400","17.35750","0.01136"
"118.20000","17.35798","0.01133"
"118.20600","17.35851","0.01126"
"118.21200","17.35899","0.01119"
"118.21800","17.35953","0.01119"
"118.22400","17.36001","0.01117"
"118.23000","17.36049","0.01118"
"118.23600","17.36103","0.01127"
"118.24200","17.36151","0.01137"
"118.24800","17.36198","0.01148"
"118.25400","17.36246","0.01150"
"118.26000","17.36300","0.01145"
"118.26600","17.36348","0.01138"
"118.27200","17.36396","0.01128"
"118.27800","17.36444","0.01133"
"118.28400","17.36497","0.01139"
"118.29000","17.36545","0.01140"
"118.29600","17.36593","0.01151"
"118.30200","17.36647","0.01164"
"118.30800","17.36695","0.01172"
"118.31400","17.36748","0.01175"
"118.32000","17.36796","0.01177"
"118.32600","17.36844","0.01175"
"118.33200","17.36898","0.01170"
"118.33800","17.36946","0.01156"
"118.34400","17.36994","0.01142"
"118.35000","17.37047","0.01131"
"118.35600","17.37095","0.01122"
"118.36200","17.37149","0.01118"
"118.36800","17.37197","0.01121"
"118.37400","17.37245","0.01116"
"118.38000","17.37298","0.01114"
"118.38600","17.37346","0.01121"
"118.39200","17.37394","0.01125"
"118.39800","17.37448","0.01137"
"118.40400","17.37496","0.01151"
"118.41000","17.37543","0.01158"
"118.41600","17.37597","0.01160"
"118.42200","17.37645","0.01164"
"118.42800","17.37699","0.01169"
"118.43400","17.37747","0.01178"
"118.44000","17.37801","0.01178"
"118.44600","17.37848","0.01177"
"118.45200","17.37902","0.01177"
"118.45800","17.37950","0.01174"
"118.46400","17.37998","0.01170"
"118.47000","17.38052","0.01172"
"118.47600","17.38099","0.01161"
"118.48200","17.38147","0.01156"
"118.48800","17.38201","0.01152"
"118.49400","17.38249","0.01159"
"118.50000","17.38297","0.01166"
"118.50600","17.38351","0.01160"
"118.51200","17.38399","0.01155"
"118.51800","17.38446","0.01145"
"118.52400","17.38494","0.01133"
"118.53000","17.38548","0.01132"
"118.53600","17.38596","0.01135"
"118.54200","17.38644","0.01132"
"118.54800","17.38697","0.01138"
"118.55400","17.38745","0.01135"
"118.56000","17.38799","0.01140"
"118.56600","17.38847","0.01155"
"118.57200","17.38901","0.01164"
"118.57800","17.38949","0.01167"
"118.58400","17.39002","0.01167"
"118.59000","17.39050","0.01160"
"118.59600","17.39104","0.01151"
"118.60200","17.39152","0.01148"
"118.60800","17.39200","0.01137"
"118.61400","17.39254","0.01132"
"118.62000","17.39301","0.01118"
"118.62600","17.39355","0.01096"
"118.63200","17.39403","0.01097"
"118.63800","17.39451","0.01110"
"118.64400","17.39505","0.01122"
"118.65000","17.39553","0.01122"
"118.65600","17.39600","0.01112"
"118.66200","17.39654","0.01106"
"118.66800","17.39702","0.01117"
"118.67400","17.39750","0.01128"
"118.68000","17.39798","0.01144"
"118.68600","17.39852","0.01151"
"118.69200","17.39899","0.01158"
"118.69800","17.39947","0.01166"
"118.70400","17.39995","0.01165"
"118.71000","17.40049","0.01166"
"118.71600","17.40097","0.01170"
"118.72200","17.40150","0.01177"
"118.72800","17.40198","0.01181"
"118.73400","17.40246","0.01177"
"118.74000","17.40300","0.01170"
"118.74600","17.40348","0.01167"
"118.75200","17.40396","0.01164"
"118.75800","17.40449","0.01156"
"118.76400","17.40497","0.01152"
"118.77000","17.40545","0.01152"
"118.77600","17.40593","0.01144"
"118.78200","17.40647","0.01143"
"118.78800","17.40695","0.01150"
"118.79400","17.40742","0.01158"
"118.80000","17.40790","0.01163"
"118.80600","17.40844","0.01159"
"118.81200","17.40892","0.01161"
"118.81800","17.40940","0.01162"
"118.82400","17.40993","0.01169"
"118.83000","17.41041","0.01180"
"118.83600","17.41089","0.01182"
"118.84200","17.41143","0.01174"
"118.84800","17.41191","0.01171"
"118.85400","17.41245","0.01168"
"118.86000","17.41292","0.01161"
"118.86600","17.41346","0.01159"
"118.87200","17.41394","0.01164"
"118.87800","17.41448","0.01170"
"118.88400","17.41502","0.01181"
"118.89000","17.41549","0.01184"
"118.89600","17.41597","0.01182"
"118.90200","17.41651","0.01174"
"118.90800","17.41699","0.01157"
"118.91400","17.41753","0.01144"
"118.92000","17.41801","0.01143"
"118.92600","17.41849","0.01156"
"118.93200","17.41902","0.01168"
"118.93800","17.41950","0.01173"
"118.94400","17.41998","0.01177"
"118.95000","17.42052","0.01176"
"118.95600","17.42100","0.01167"
"118.96200","17.42147","0.01164"
"118.96800","17.42195","0.01175"
"118.97400","17.42249","0.01170"
"118.98000","17.42297","0.01162"
"118.98600","17.42345","0.01154"
"118.99200","17.42399","0.01149"
"118.99800","17.42447","0.01144"
"119.00400","17.42500","0.01138"
"119.01000","17.42554","0.01143"
"119.01600","17.42602","0.01146"
"119.02200","17.42656","0.01145"
"119.02800","17.42703","0.01155"
"119.03400","17.42757","0.01168"
"119.04000","17.42805","0.01167"
"119.04600","17.42853","0.01161"
"119.05200","17.42901","0.01162"
"119.05800","17.42955","0.01160"
"119.06400","17.43003","0.01160"
"119.07000","17.43050","0.01166"
"119.07600","17.43104","0.01167"
"119.08200","17.43152","0.01173"
"119.08800","17.43200","0.01174"
"119.09400","17.43248","0.01171"
"119.10000","17.43301","0.01170"
"119.10600","17.43349","0.01167"
"119.11200","17.43397","0.01161"
"119.11800","17.43451","0.01155"
"119.12400","17.43499","0.01144"
"119.13000","17.43546","0.01136"
"119.13600","17.43600","0.01133"
"119.14200","17.43648","0.01140"
"119.14800","17.43702","0.01152"
"119.15400","17.43750","0.01157"
"119.16000","17.43804","0.01153"
"119.16600","17.43851","0.01152"
"119.17200","17.43905","0.01146"
"119.17800","17.43953","0.01137"
"119.18400","17.44001","0.01139"
"119.19000","17.44055","0.01134"
"119.19600","17.44102","0.01128"
"119.20200","17.44150","0.01133"
"119.20800","17.44198","0.01140"
"119.21400","17.44246","0.01153"
"119.22000","17.44300","0.01160"
"119.22600","17.44348","0.01159"
"119.23200","17.44395","0.01160"
"119.23800","17.44449","0.01160"
"119.24400","17.44497","0.01162"
"119.25000","17.44545","0.01167"
"119.25600","17.44599","0.01159"
"119.26200","17.44647","0.01148"
"119.26800","17.44700","0.01142"
"119.27400","17.44748","0.01138"
"119.28000","17.44796","0.01138"
"119.28600","17.44850","0.01140"
"119.29200","17.44898","0.01134"
"119.29800","17.44951","0.01134"
"119.30400","17.44999","0.01136"
"119.31000","17.45053","0.01135"
"119.31600","17.45101","0.01135"
"119.32200","17.45155","0.01136"
"119.32800","17.45203","0.01136"
"119.33400","17.45251","0.01138"
"119.34000","17.45298","0.01128"
"119.34600","17.45346","0.01125"
"119.35200","17.45394","0.01123"
"119.35800","17.45448","0.01115"
"119.36400","17.45496","0.01111"
"119.37000","17.45543","0.01112"
"119.37600","17.45591","0.01115"
"119.38200","17.45639","0.01126"
"119.38800","17.45693","0.01136"
"119.39400","17.45741","0.01150"
"119.40000","17.45789","0.01165"
"119.40600","17.45842","0.01166"
"119.41200","17.45890","0.01162"
"119.41800","17.45944","0.01161"
"119.42400","17.45992","0.01154"
"119.43000","17.46046","0.01148"
"119.43600","17.46094","0.01151"
"119.44200","17.46147","0.01154"
"119.44800","17.46201","0.01156"
"119.45400","17.46249","0.01148"
"119.46000","17.46303","0.01140"
"119.46600","17.46350","0.01137"
"119.47200","17.46398","0.01131"
"119.47800","17.46452","0.01125"
"119.48400","17.46500","0.01126"
"119.49000","17.46548","0.01115"
"119.49600","17.46602","0.01101"
"119.50200","17.46650","0.01099"
"119.50800","17.46697","0.01101"
"119.51400","17.46751","0.01103"
"119.52000","17.46799","0.01104"
"119.52600","17.46853","0.01105"
"119.53200","17.46901","0.01112"
"119.53800","17.46948","0.01120"
"119.54400","17.47002","0.01133"
"119.55000","17.47050","0.01146"
"119.55600","17.47098","0.01146"
"119.56200","17.47152","0.01146"
"119.56800","17.47200","0.01145"
"119.57400","17.47247","0.01146"
"119.58000","17.47301","0.01152"
"119.58600","17.47349","0.01158"
"119.59200","17.47403","0.01160"
"119.59800","17.47451","0.01163"
"119.60400","17.47499","0.01158"
"119.61000","17.47546","0.01155"
"119.61600","17.47600","0.01160"
"119.62200","17.47648","0.01152"
"119.62800","17.47696","0.01147"
"119.63400","17.47744","0.01154"
"119.64000","17.47797","0.01159"
"119.64600","17.47845","0.01160"
"119.65200","17.47899","0.01163"
"119.65800","17.47947","0.01159"
"119.66400","17.48001","0.01154"
"119.67000","17.48049","0.01145"
"119.67600","17.48096","0.01139"
"119.68200","17.48150","0.01138"
"119.68800","17.48198","0.01133"
"119.69400","17.48246","0.01131"
"119.70000","17.48300","0.01137"
"119.70600","17.48348","0.01147"
"119.71200","17.48395","0.01156"
"119.71800","17.48449","0.01162"
"119.72400","17.48497","0.01159"
"119.73000","17.48551","0.01155"
"119.73600","17.48599","0.01150"
"119.74200","17.48647","0.01146"
"119.74800","17.48694","0.01150"
"119.75400","17.48748","0.01147"
"119.76000","17.48796","0.01141"
"119.76600","17.48850","0.01137"
"119.77200","17.48898","0.01127"
"119.77800","17.48952","0.01131"
"119.78400","17.48999","0.01141"
"119.79000","17.49047","0.01143"
"119.79600","17.49101","0.01148"
"119.80200","17.49149","0.01154"
"119.80800","17.49197","0.01157"
"119.81400","17.49250","0.01159"
"119.82000","17.49298","0.01156"
"119.82600","17.49352","0.01150"
"119.83200","17.49400","0.01145"
"119.83800","17.49448","0.01133"
"119.84400","17.49502","0.01121"
"119.85000","17.49549","0.01112"
"119.85600","17.49597","0.01103"
"119.86200","17.49645","0.01104"
"119.86800","17.49699","0.01110"
"119.87400","17.49747","0.01115"
"119.88000","17.49795","0.01126"
"119.88600","17.49848","0.01142"
"119.89200","17.49896","0.01158"
"119.89800","17.49944","0.01183"
"119.90400","17.49992","0.01202"
"119.91000","17.50046","0.01207"
"119.91600","17.50093","0.01205"
"119.92200","17.50141","0.01203"
"119.92800","17.50195","0.01197"
"119.93400","17.50243","0.01186"
"119.94000","17.50297","0.01170"
"119.94600","17.50345","0.01164"
"119.95200","17.50398","0.01169"
"119.95800","17.50446","0.01165"
"119.96400","17.50494","0.01160"
"119.97000","17.50548","0.01153"
"119.97600","17.50596","0.01142"
"119.98200","17.50644","0.01141"
"119.98800","17.50697","0.01139"
"119.99400","17.50745","0.01134"
"120.00000","17.50799","0.01138"
"120.00600","17.50847","0.01137"
"120.01200","17.50901","0.01141"
"120.01800","17.50949","0.01146"
"120.02400","17.50996","0.01150"
"120.03000","17.51044","0.01154"
"120.03600","17.51098","0.01160"
"120.04200","17.51146","0.01153"
"120.04800","17.51194","0.01151"
"120.05400","17.51247","0.01139"
"120.06000","17.51295","0.01134"
"120.06600","17.51349","0.01141"
"120.07200","17.51397","0.01138"
"120.07800","17.51451","0.01142"
"120.08400","17.51498","0.01150"
"120.09000","17.51552","0.01149"
"120.09600","17.51600","0.01146"
"120.10200","17.51654","0.01148"
"120.10800","17.51702","0.01150"
"120.11400","17.51750","0.01150"
"120.12000","17.51797","0.01149"
"120.12600","17.51851","0.01148"
"120.13200","17.51899","0.01148"
"120.13800","17.51947","0.01139"
"120.14400","17.52001","0.01131"
"120.15000","17.52048","0.01134"
"120.15600","17.52096","0.01132"
"120.16200","17.52150","0.01128"
"120.16800","17.52198","0.01134"
"120.17400","17.52252","0.01143"
"120.18000","17.52300","0.01155"
"120.18600","17.52348","0.01162"
"120.19200","17.52401","0.01166"
"120.19800","17.52449","0.01167"
"120.20400","17.52497","0.01153"
"120.21000","17.52551","0.01146"
"120.21600","17.52599","0.01156"
"120.22200","17.52652","0.01163"
"120.22800","17.52700","0.01170"
"120.23400","17.52748","0.01171"
"120.24000","17.52802","0.01162"
"120.24600","17.52850","0.01157"
"120.25200","17.52897","0.01153"
"120.25800","17.52951","0.01148"
"120.26400","17.52999","0.01149"
"120.27000","17.53047","0.01150"
"120.27600","17.53101","0.01148"
"120.28200","17.53149","0.01152"
"120.28800","17.53197","0.01144"
"120.29400","17.53250","0.01128"
"120.30000","17.53298","0.01120"
"120.30600","17.53352","0.01123"
"120.31200","17.53400","0.01130"
"120.31800","17.53448","0.01143"
"120.32400","17.53501","0.01145"
"120.33000","17.53549","0.01141"
"120.33600","17.53597","0.01137"
"120.34200","17.53651","0.01136"
"120.34800","17.53699","0.01146"
"120.35400","17.53747","0.01154"
"120.36000","17.53794","0.01160"
"120.36600","17.53848","0.01161"
"120.37200","17.53896","0.01148"
"120.37800","17.53944","0.01135"
"120.38400","17.53998","0.01135"
"120.39000","17.54045","0.01136"
"120.39600","17.54099","0.01139"
"120.40200","17.54147","0.01142"
"120.40800","17.54195","0.01142"
"120.41400","17.54249","0.01144"
"120.42000","17.54296","0.01156"
"120.42600","17.54344","0.01161"
"120.43200","17.54392","0.01162"
"120.43800","17.54446","0.01165"
"120.44400","17.54494","0.01161"
"120.45000","17.54548","0.01153"
"120.45600","17.54596","0.01142"
"120.46200","17.54649","0.01129"
"120.46800","17.54697","0.01123"
"120.47400","17.54745","0.01118"
"120.48000","17.54799","0.01118"
"120.48600","17.54847","0.01120"
"120.49200","17.54894","0.01124"
"120.49800","17.54948","0.01136"
"120.50400","17.54996","0.01145"
"120.51000","17.55044","0.01148"
"120.51600","17.55092","0.01159"
"120.52200","17.55146","0.01157"
"120.52800","17.55194","0.01151"
"120.53400","17.55247","0.01149"
"120.54000","17.55295","0.01143"
"120.54600","17.55349","0.01142"
"120.55200","17.55397","0.01139"
"120.55800","17.55451","0.01142"
"120.56400","17.55498","0.01150"
"120.57000","17.55546","0.01150"
"120.57600","17.55600","0.01147"
"120.58200","17.55648","0.01151"
"120.58800","17.55702","0.01155"
"120.59400","17.55750","0.01163"
"120.60000","17.55803","0.01174"
"120.60600","17.55851","0.01189"
"120.61200","17.55905","0.01197"
"120.61800","17.55953","0.01195"
"120.62400","17.56007","0.01184"
"120.63000","17.56054","0.01173"
"120.63600","17.56108","0.01160"
"120.64200","17.56156","0.01150"
"120.64800","17.56204","0.01153"
"120.65400","17.56252","0.01151"
"120.66000","17.56300","0.01147"
"120.66600","17.56347","0.01146"
"120.67200","17.56401","0.01136"
"120.67800","17.56449","0.01130"
"120.68400","17.56497","0.01140"
"120.69000","17.56545","0.01146"
"120.69600","17.56599","0.01143"
"120.70200","17.56646","0.01143"
"120.70800","17.56694","0.01140"
"120.71400","17.56748","0.01149"
"120.72000","17.56796","0.01165"
"120.72600","17.56850","0.01173"
"120.73200","17.56898","0.01183"
"120.73800","17.56951","0.01177"
"120.74400","17.56999","0.01167"
"120.75000","17.57047","0.01163"
"120.75600","17.57101","0.01159"
"120.76200","17.57149","0.01147"
"120.76800","17.57196","0.01144"
"120.77400","17.57250","0.01144"
"120.78000","17.57298","0.01149"
"120.78600","17.57346","0.01151"
"120.79200","17.57394","0.01155"
"120.79800","17.57448","0.01164"
"120.80400","17.57495","0.01155"
"120.81000","17.57543","0.01137"
"120.81600","17.57591","0.01127"
"120.82200","17.57645","0.01127"
"120.82800","17.57693","0.01129"
"120.83400","17.57741","0.01123"
"120.84000","17.57794","0.01108"
"120.84600","17.57842","0.01103"
"120.85200","17.57896","0.01109"
"120.85800","17.57944","0.01121"
"120.86400","17.57998","0.01138"
"120.87000","17.58046","0.01146"
"120.87600","17.58099","0.01142"
"120.88200","17.58147","0.01141"
"120.88800","17.58195","0.01137"
"120.89400","17.58249","0.01129"
"120.90000","17.58297","0.01143"
"120.90600","17.58350","0.01160"
"120.91200","17.58398","0.01165"
"120.91800","17.58446","0.01165"
"120.92400","17.58500","0.01159"
"120.93000","17.58548","0.01163"
"120.93600","17.58595","0.01168"
"120.94200","17.58643","0.01163"
"120.94800","17.58697","0.01168"
"120.95400","17.58745","0.01161"
"120.96000","17.58793","0.01143"
"120.96600","17.58847","0.01138"
"120.97200","17.58895","0.01136"
"120.97800","17.58942","0.01138"
"120.98400","17.58990","0.01142"
"120.99000","17.59044","0.01137"
"120.99600","17.59092","0.01128"
"121.00200","17.59140","0.01124"
"121.00800","17.59193","0.01122"
"121.01400","17.59241","0.01122"
"121.02000","17.59295","0.01125"
"121.02600","17.59343","0.01121"
"121.03200","17.59397","0.01120"
"121.03800","17.59445","0.01117"
"121.04400","17.59498","0.01118"
"121.05000","17.59546","0.01122"
"121.05600","17.59594","0.01119"
"121.06200","17.59648","0.01116"
"121.06800","17.59696","0.01120"
"121.07400","17.59743","0.01123"
"121.08000","17.59797","0.01140"
"121.08600","17.59845","0.01165"
"121.09200","17.59893","0.01180"
"121.09800","17.59947","0.01187"
"121.10400","17.59995","0.01178"
"121.11000","17.60048","0.01166"
"121.11600","17.60096","0.01166"
"121.12200","17.60144","0.01159"
"121.12800","17.60198","0.01148"
"121.13400","17.60246","0.01142"
"121.14000","17.60299","0.01139"
"121.14600","17.60347","0.01135"
"121.15200","17.60401","0.01136"
"121.15800","17.60449","0.01139"
"121.16400","17.60503","0.01147"
"121.17000","17.60557","0.01136"
"121.17600","17.60604","0.01124"
"121.18200","17.60658","0.01136"
"121.18800","17.60706","0.01147"
"121.19400","17.60754","0.01151"
"121.20000","17.60808","0.01155"
"121.20600","17.60855","0.01152"
"121.21200","17.60903","0.01149"
"121.21800","17.60951","0.01159"
"121.22400","17.60999","0.01172"
"121.23000","17.61047","0.01180"
"121.23600","17.61101","0.01181"
"121.24200","17.61148","0.01172"
"121.24800","17.61196","0.01167"
"121.25400","17.61250","0.01166"
"121.26000","17.61298","0.01166"
"121.26600","17.61346","0.01169"
"121.27200","17.61400","0.01154"
"121.27800","17.61448","0.01139"
"121.28400","17.61495","0.01141"
"121.29000","17.61549","0.01150"
"121.29600","17.61597","0.01158"
"121.30200","17.61651","0.01161"
"121.30800","17.61699","0.01160"
"121.31400","17.61752","0.01157"
"121.32000","17.61800","0.01156"
"121.32600","17.61848","0.01153"
"121.33200","17.61902","0.01161"
"121.33800","17.61950","0.01159"
"121.34400","17.61997","0.01150"
"121.35000","17.62045","0.01143"
"121.35600","17.62093","0.01141"
"121.36200","17.62141","0.01136"
"121.36800","17.62195","0.01125"
"121.37400","17.62243","0.01115"
"121.38000","17.62291","0.01118"
"121.38600","17.62344","0.01127"
"121.39200","17.62392","0.01143"
"121.39800","17.62440","0.01161"
"121.40400","17.62494","0.01175"
"121.41000","17.62542","0.01176"
"121.41600","17.62589","0.01176"
"121.42200","17.62643","0.01163"
"121.42800","17.62691","0.01155"
"121.43400","17.62745","0.01166"
"121.44000","17.62793","0.01176"
"121.44600","17.62847","0.01188"
"121.45200","17.62894","0.01197"
"121.45800","17.62948","0.01184"
"121.46400","17.62996","0.01173"
"121.47000","17.63050","0.01167"
"121.47600","17.63098","0.01155"
"121.48200","17.63151","0.01149"
"121.48800","17.63199","0.01144"
"121.49400","17.63247","0.01136"
"121.50000","17.63295","0.01143"
"121.50600","17.63349","0.01150"
"121.51200","17.63396","0.01153"
"121.51800","17.63444","0.01153"
"121.52400","17.63492","0.01144"
"121.53000","17.63540","0.01136"
"121.53600","17.63594","0.01134"
"121.54200","17.63642","0.01139"
"121.54800","17.63689","0.01152"
"121.55400","17.63743","0.01164"
"121.56000","17.63791","0.01167"
"121.56600","17.63845","0.01175"
"121.57200","17.63893","0.01180"
"121.57800","17.63941","0.01183"
"121.58400","17.63994","0.01191"
"121.59000","17.64042","0.01194"
"121.59600","17.64096","0.01195"
"121.60200","17.64150","0.01197"
"121.60800","17.64198","0.01189"
"121.61400","17.64246","0.01178"
"121.62000","17.64299","0.01177"
"121.62600","17.64347","0.01174"
"121.63200","17.64395","0.01162"
"121.63800","17.64443","0.01154"
"121.64400","17.64497","0.01143"
"121.65000","17.64544","0.01142"
"121.65600","17.64592","0.01148"
"121.66200","17.64646","0.01156"
"121.66800","17.64694","0.01155"
"121.67400","17.64748","0.01146"
"121.68000","17.64796","0.01140"
"121.68600","17.64850","0.01131"
"121.69200","17.64897","0.01125"
"121.69800","17.64945","0.01130"
"121.70400","17.64999","0.01135"
"121.71000","17.65047","0.01132"
"121.71600","17.65101","0.01141"
"121.72200","17.65149","0.01154"
"121.72800","17.65196","0.01162"
"121.73400","17.65250","0.01166"
"121.74000","17.65298","0.01153"
"121.74600","17.65352","0.01144"
"121.75200","17.65400","0.01136"
"121.75800","17.65454","0.01141"
"121.76400","17.65501","0.01159"
"121.77000","17.65549","0.01159"
"121.77600","17.65597","0.01149"
"121.78200","17.65651","0.01151"
"121.78800","17.65699","0.01164"
"121.79400","17.65746","0.01176"
"121.80000","17.65800","0.01190"
"121.80600","17.65848","0.01195"
"121.81200","17.65902","0.01185"
"121.81800","17.65950","0.01174"
"121.82400","17.66003","0.01168"
"121.83000","17.66051","0.01176"
"121.83600","17.66099","0.01185"
"121.84200","17.66153","0.01179"
"121.84800","17.66201","0.01165"
"121.85400","17.66249","0.01143"
"121.86000","17.66296","0.01127"
"121.86600","17.66350","0.01129"
"121.87200","17.66398","0.01136"
"121.87800","17.66446","0.01136"
"121.88400","17.66500","0.01140"
"121.89000","17.66548","0.01153"
"121.89600","17.66601","0.01166"
"121.90200","17.66649","0.01177"
"121.90800","17.66697","0.01182"
"121.91400","17.66745","0.01183"
"121.92000","17.66793","0.01181"
"121.92600","17.66846","0.01175"
"121.93200","17.66894","0.01173"
"121.93800","17.66942","0.01171"
"121.94400","17.66996","0.01164"
"121.95000","17.67044","0.01156"
"121.95600","17.67092","0.01148"
"121.96200","17.67146","0.01149"
"121.96800","17.67193","0.01158"
"121.97400","17.67247","0.01162"
"121.98000","17.67295","0.01167"
"121.98600","17.67343","0.01165"
"121.99200","17.67397","0.01152"
"121.99800","17.67444","0.01145"
"122.00400","17.67492","0.01154"
"122.01000","17.67546","0.01166"
"122.01600","17.67594","0.01175"
"122.02200","17.67642","0.01174"
"122.02800","17.67695","0.01166"
"122.03400","17.67743","0.01164"
"122.04000","17.67791","0.01164"
"122.04600","17.67839","0.01171"
"122.05200","17.67893","0.01181"
"122.05800","17.67941","0.01181"
"122.06400","17.67989","0.01189"
"122.07000","17.68042","0.01198"
"122.07600","17.68090","0.01198"
"122.08200","17.68144","0.01209"
"122.08800","17.68192","0.01205"
"122.09400","17.68246","0.01190"
"122.10000","17.68299","0.01180"
"122.10600","17.68347","0.01168"
"122.11200","17.68395","0.01162"
"122.11800","17.68449","0.01171"
"122.12400","17.68497","0.01175"
"122.13000","17.68550","0.01173"
"122.13600","17.68598","0.01175"
"122.14200","17.68652","0.01176"
"122.14800","17.68700","0.01178"
"122.15400","17.68748","0.01180"
"122.16000","17.68801","0.01179"
"122.16600","17.68849","0.01181"
"122.17200","17.68903","0.01170"
"122.17800","17.68951","0.01155"
"122.18400","17.68999","0.01156"
"122.19000","17.69047","0.01157"
"122.19600","17.69101","0.01155"
"122.20200","17.69148","0.01158"
"122.20800","17.69196","0.01153"
"122.21400","17.69250","0.01147"
"122.22000","17.69298","0.01137"
"122.22600","17.69352","0.01130"
"122.23200","17.69399","0.01132"
"122.23800","17.69453","0.01139"
"122.24400","17.69501","0.01139"
"122.25000","17.69555","0.01141"
"122.25600","17.69603","0.01135"
"122.26200","17.69657","0.01130"
"122.26800","17.69704","0.01130"
"122.27400","17.69752","0.01129"
"122.28000","17.69800","0.01124"
"122.28600","17.69854","0.01120"
"122.29200","17.69902","0.01121"
"122.29800","17.69950","0.01134"
"122.30400","17.70003","0.01153"
"122.31000","17.70051","0.01161"
"122.31600","17.70099","0.01157"
"122.32200","17.70153","0.01143"
"122.32800","17.70201","0.01130"
"122.33400","17.70248","0.01135"
"122.34000","17.70302","0.01143"
"122.34600","17.70350","0.01154"
"122.35200","17.70398","0.01169"
"122.35800","17.70452","0.01175"
"122.36400","17.70500","0.01176"
"122.37000","17.70553","0.01172"
"122.37600","17.70601","0.01158"
"122.38200","17.70655","0.01145"
"122.38800","17.70703","0.01138"
"122.39400","17.70757","0.01138"
"122.40000","17.70804","0.01151"
"122.40600","17.70852","0.01165"
"122.41200","17.70906","0.01176"
"122.41800","17.70954","0.01180"
"122.42400","17.71002","0.01179"
"122.43000","17.71049","0.01174"
"122.43600","17.71103","0.01178"
"122.44200","17.71151","0.01177"
"122.44800","17.71199","0.01181"
"122.45400","17.71253","0.01182"
"122.46000","17.71301","0.01170"
"122.46600","17.71349","0.01163"
"122.47200","17.71396","0.01167"
"122.47800","17.71450","0.01170"
"122.48400","17.71498","0.01174"
"122.49000","17.71546","0.01164"
"122.49600","17.71594","0.01148"
"122.50200","17.71647","0.01140"
"122.50800","17.71695","0.01133"
"122.51400","17.71743","0.01126"
"122.52000","17.71797","0.01119"
"122.52600","17.71845","0.01109"
"122.53200","17.71899","0.01111"
"122.53800","17.71947","0.01119"
"122.54400","17.71994","0.01126"
"122.55000","17.72048","0.01132"
"122.55600","17.72096","0.01128"
"122.56200","17.72144","0.01124"
"122.56800","17.72198","0.01130"
"122.57400","17.72245","0.01130"
"122.58000","17.72293","0.01127"
"122.58600","17.72341","0.01136"
"122.59200","17.72395","0.01147"
"122.59800","17.72443","0.01152"
"122.60400","17.72491","0.01157"
"122.61000","17.72544","0.01160"
"122.61600","17.72592","0.01167"
"122.62200","17.72640","0.01170"
"122.62800","17.72694","0.01168"
"122.63400","17.72742","0.01161"
"122.64000","17.72795","0.01150"
"122.64600","17.72843","0.01150"
"122.65200","17.72897","0.01155"
"122.65800","17.72945","0.01158"
"122.66400","17.72999","0.01154"
"122.67000","17.73047","0.01152"
"122.67600","17.73100","0.01146"
"122.68200","17.73148","0.01150"
"122.68800","17.73202","0.01164"
"122.69400","17.73250","0.01186"
"122.70000","17.73298","0.01209"
"122.70600","17.73352","0.01218"
"122.71200","17.73400","0.01213"
"122.71800","17.73447","0.01206"
"122.72400","17.73501","0.01187"
"122.73000","17.73549","0.01183"
"122.73600","17.73597","0.01184"
"122.74200","17.73651","0.01176"
"122.74800","17.73698","0.01168"
"122.75400","17.73752","0.01166"
"122.76000","17.73800","0.01157"
"122.76600","17.73854","0.01158"
"122.77200","17.73902","0.01158"
"122.77800","17.73949","0.01164"
"122.78400","17.74003","0.01180"
"122.79000","17.74051","0.01183"
"122.79600","17.74099","0.01176"
"122.80200","17.74153","0.01175"
"122.80800","17.74201","0.01177"
"122.81400","17.74249","0.01182"
"122.82000","17.74302","0.01181"
"122.82600","17.74350","0.01176"
"122.83200","17.74398","0.01171"
"122.83800","17.74452","0.01172"
"122.84400","17.74500","0.01175"
"122.85000","17.74547","0.01182"
"122.85600","17.74601","0.01183"
"122.86200","17.74649","0.01183"
"122.86800","17.74703","0.01188"
"122.87400","17.74751","0.01192"
"122.88000","17.74799","0.01192"
"122.88600","17.74852","0.01194"
"122.89200","17.74900","0.01184"
"122.89800","17.74954","0.01186"
"122.90400","17.75002","0.01192"
"122.91000","17.75050","0.01196"
"122.91600","17.75103","0.01191"
"122.92200","17.75151","0.01183"
"122.92800","17.75199","0.01173"
"122.93400","17.75253","0.01176"
"122.94000","17.75301","0.01180"
"122.94600","17.75348","0.01180"
"122.95200","17.75402","0.01172"
"122.95800","17.75450","0.01157"
"122.96400","17.75498","0.01149"
"122.97000","17.75552","0.01147"
"122.97600","17.75600","0.01152"
"122.98200","17.75648","0.01167"
"122.98800","17.75695","0.01178"
"122.99400","17.75749","0.01181"
"123.00000","17.75797","0.01182"
"123.00600","17.75845","0.01184"
"123.01200","17.75899","0.01182"
"123.01800","17.75946","0.01175"
"123.02400","17.76000","0.01163"
"123.03000","17.76048","0.01157"
"123.03600","17.76096","0.01159"
"123.04200","17.76150","0.01154"
"123.04800","17.76198","0.01152"
"123.05400","17.76251","0.01150"
"123.06000","17.76299","0.01140"
"123.06600","17.76347","0.01128"
"123.07200","17.76395","0.01126"
"123.07800","17.76449","0.01137"
"123.08400","17.76497","0.01154"
"123.09000","17.76544","0.01159"
"123.09600","17.76598","0.01155"
"123.10200","17.76646","0.01154"
"123.10800","17.76694","0.01147"
"123.11400","17.76742","0.01145"
"123.12000","17.76789","0.01151"
"123.12600","17.76843","0.01154"
"123.13200","17.76891","0.01162"
"123.13800","17.76939","0.01168"
"123.14400","17.76993","0.01170"
"123.15000","17.77041","0.01175"
"123.15600","17.77094","0.01174"
"123.16200","17.77142","0.01180"
"123.16800","17.77196","0.01194"
"123.17400","17.77250","0.01200"
"123.18000","17.77298","0.01194"
"123.18600","17.77351","0.01185"
"123.19200","17.77399","0.01175"
"123.19800","17.77453","0.01170"
"123.20400","17.77501","0.01170"
"123.21000","17.77549","0.01166"
"123.21600","17.77597","0.01163"
"123.22200","17.77650","0.01167"
"123.22800","17.77698","0.01171"
"123.23400","17.77746","0.01172"
"123.24000","17.77800","0.01169"
"123.24600","17.77848","0.01162"
"123.25200","17.77896","0.01157"
"123.25800","17.77949","0.01155"
"123.26400","17.77997","0.01164"
"123.27000","17.78051","0.01172"
"123.27600","17.78099","0.01169"
"123.28200","17.78147","0.01175"
"123.28800","17.78201","0.01190"
"123.29400","17.78248","0.01193"
"123.30000","17.78302","0.01181"
"123.30600","17.78350","0.01168"
"123.31200","17.78404","0.01154"
"123.31800","17.78457","0.01150"
"123.32400","17.78505","0.01152"
"123.33000","17.78553","0.01161"
"123.33600","17.78607","0.01174"
"123.34200","17.78655","0.01190"
"123.34800","17.78703","0.01198"
"123.35400","17.78757","0.01199"
"123.36000","17.78804","0.01185"
"123.36600","17.78852","0.01181"
"123.37200","17.78900","0.01187"
"123.37800","17.78954","0.01194"
"123.38400","17.79002","0.01194"
"123.39000","17.79049","0.01181"
"123.39600","17.79097","0.01175"
"123.40200","17.79151","0.01177"
"123.40800","17.79199","0.01173"
"123.41400","17.79253","0.01172"
"123.42000","17.79300","0.01170"
"123.42600","17.79348","0.01165"
"123.43200","17.79402","0.01158"
"123.43800","17.79450","0.01151"
"123.44400","17.79504","0.01146"
"123.45000","17.79552","0.01146"
"123.45600","17.79606","0.01144"
"123.46200","17.79653","0.01140"
"123.46800","17.79701","0.01143"
"123.47400","17.79755","0.01147"
"123.48000","17.79803","0.01156"
"123.48600","17.79857","0.01168"
"123.49200","17.79905","0.01168"
"123.49800","17.79952","0.01167"
"123.50400","17.80006","0.01173"
"123.51000","17.80054","0.01175"
"123.51600","17.80102","0.01184"
"123.52200","17.80156","0.01190"
"123.52800","17.80203","0.01187"
"123.53400","17.80251","0.01177"
"123.54000","17.80299","0.01167"
"123.54600","17.80347","0.01176"
"123.55200","17.80395","0.01190"
"123.55800","17.80449","0.01195"
"123.56400","17.80496","0.01200"
"123.57000","17.80544","0.01201"
"123.57600","17.80598","0.01202"
"123.58200","17.80646","0.01204"
"123.58800","17.80694","0.01204"
"123.59400","17.80748","0.01205"
"123.60000","17.80795","0.01201"
"123.60600","17.80849","0.01189"
"123.61200","17.80897","0.01180"
"123.61800","17.80945","0.01176"
"123.62400","17.80999","0.01165"
"123.63000","17.81046","0.01161"
"123.63600","17.81094","0.01158"
"123.64200","17.81142","0.01155"
"123.64800","17.81196","0.01150"
"123.65400","17.81244","0.01160"
"123.66000","17.81292","0.01171"
"123.66600","17.81345","0.01184"
"123.67200","17.81393","0.01190"
"123.67800","17.81441","0.01197"
"123.68400","17.81489","0.01193"
"123.69000","17.81543","0.01186"
"123.69600","17.81591","0.01184"
"123.70200","17.81638","0.01193"
"123.70800","17.81692","0.01192"
"123.71400","17.81740","0.01181"
"123.72000","17.81794","0.01185"
"123.72600","17.81842","0.01176"
"123.73200","17.81896","0.01167"
"123.73800","17.81943","0.01162"
"123.74400","17.81997","0.01152"
"123.75000","17.82045","0.01147"
"123.75600","17.82099","0.01143"
"123.76200","17.82147","0.01144"
"123.76800","17.82200","0.01158"
"123.77400","17.82248","0.01162"
"123.78000","17.82296","0.01166"
"123.78600","17.82350","0.01176"
"123.79200","17.82398","0.01189"
"123.79800","17.82446","0.01198"
"123.80400","17.82500","0.01199"
"123.81000","17.82553","0.01209"
"123.81600","17.82601","0.01224"
"123.82200","17.82649","0.01226"
"123.82800","17.82703","0.01221"
"123.83400","17.82751","0.01222"
"123.84000","17.82798","0.01215"
"123.84600","17.82852","0.01211"
"123.85200","17.82900","0.01207"
"123.85800","17.82948","0.01192"
"123.86400","17.83002","0.01176"
"123.87000","17.83049","0.01158"
"123.87600","17.83103","0.01146"
"123.88200","17.83151","0.01148"
"123.88800","17.83205","0.01148"
"123.89400","17.83253","0.01146"
"123.90000","17.83307","0.01152"
"123.90600","17.83354","0.01165"
"123.91200","17.83408","0.01178"
"123.91800","17.83456","0.01189"
"123.92400","17.83504","0.01186"
"123.93000","17.83552","0.01173"
"123.93600","17.83605","0.01168"
"123.94200","17.83653","0.01163"
"123.94800","17.83707","0.01165"
"123.95400","17.83755","0.01178"
"123.96000","17.83803","0.01184"
"123.96600","17.83857","0.01187"
"123.97200","17.83904","0.01186"
"123.97800","17.83952","0.01180"
"123.98400","17.84000","0.01182"
"123.99000","17.84048","0.01177"
"123.99600","17.84102","0.01174"
"124.00200","17.84150","0.01177"
"124.00800","17.84197","0.01180"
"124.01400","17.84251","0.01179"
"124.02000","17.84299","0.01184"
"124.02600","17.84347","0.01175"
"124.03200","17.84401","0.01159"
"124.03800","17.84448","0.01147"
"124.04400","17.84502","0.01141"
"124.05000","17.84550","0.01151"
"124.05600","17.84604","0.01161"
"124.06200","17.84652","0.01167"
"124.06800","17.84700","0.01170"
"124.07400","17.84753","0.01159"
"124.08000","17.84801","0.01149"
"124.08600","17.84849","0.01148"
"124.09200","17.84903","0.01145"
"124.09800","17.84951","0.01145"
"124.10400","17.84999","0.01148"
"124.11000","17.85046","0.01141"
"124.11600","17.85100","0.01139"
"124.12200","17.85148","0.01150"
"124.12800","17.85196","0.01162"
"124.13400","17.85244","0.01168"
"124.14000","17.85298","0.01165"
"124.14600","17.85345","0.01164"
"124.15200","17.85393","0.01169"
"124.15800","17.85447","0.01173"
"124.16400","17.85495","0.01180"
"124.17000","17.85543","0.01188"
"124.17600","17.85596","0.01179"
"124.18200","17.85644","0.01166"
"124.18800","17.85698","0.01155"
"124.19400","17.85746","0.01152"
"124.20000","17.85794","0.01165"
"124.20600","17.85847","0.01171"
"124.21200","17.85895","0.01168"
"124.21800","17.85949","0.01169"
"124.22400","17.85997","0.01170"
"124.23000","17.86045","0.01170"
"124.23600","17.86099","0.01173"
"124.24200","17.86147","0.01175"
"124.24800","17.86200","0.01171"
"124.25400","17.86248","0.01170"
"124.26000","17.86296","0.01169"
"124.26600","17.86344","0.01174"
"124.27200","17.86398","0.01175"
"124.27800","17.86445","0.01175"
"124.28400","17.86493","0.01176"
"124.29000","17.86547","0.01174"
"124.29600","17.86595","0.01162"
"124.30200","17.86649","0.01156"
"124.30800","17.86697","0.01151"
"124.31400","17.86750","0.01137"
"124.32000","17.86798","0.01133"
"124.32600","17.86852","0.01130"
"124.33200","17.86900","0.01136"
"124.33800","17.86954","0.01143"
"124.34400","17.87001","0.01141"
"124.35000","17.87055","0.01147"
"124.35600","17.87103","0.01146"
"124.36200","17.87151","0.01139"
"124.36800","17.87205","0.01147"
"124.37400","17.87253","0.01146"
"124.38000","17.87306","0.01144"
"124.38600","17.87354","0.01152"
"124.39200","17.87402","0.01154"
"124.39800","17.87450","0.01152"
"124.40400","17.87504","0.01146"
"124.41000","17.87551","0.01145"
"124.41600","17.87599","0.01147"
"124.42200","17.87647","0.01143"
"124.42800","17.87695","0.01139"
"124.43400","17.87749","0.01146"
"124.44000","17.87797","0.01151"
"124.44600","17.87850","0.01142"
"124.45200","17.87898","0.01146"
"124.45800","17.87952","0.01153"
"124.46400","17.88000","0.01158"
"124.47000","17.88054","0.01162"
"124.47600","17.88102","0.01162"
"124.48200","17.88155","0.01174"
"124.48800","17.88203","0.01177"
"124.49400","17.88251","0.01170"
"124.50000","17.88305","0.01167"
"124.50600","17.88353","0.01166"
"124.51200","17.88401","0.01164"
"124.51800","17.88454","0.01169"
"124.52400","17.88502","0.01164"
"124.53000","17.88550","0.01158"
"124.53600","17.88604","0.01149"
"124.54200","17.88652","0.01137"
"124.54800","17.88700","0.01125"
"124.55400","17.88747","0.01124"
"124.56000","17.88801","0.01126"
"124.56600","17.88849","0.01143"
"124.57200","17.88897","0.01161"
"124.57800","17.88945","0.01173"
"124.58400","17.88998","0.01183"
"124.59000","17.89046","0.01188"
"124.59600","17.89100","0.01189"
"124.60200","17.89148","0.01187"
"124.60800","17.89202","0.01174"
"124.61400","17.89250","0.01164"
"124.62000","17.89304","0.01155"
"124.62600","17.89351","0.01146"
"124.63200","17.89399","0.01152"
"124.63800","17.89453","0.01154"
"124.64400","17.89501","0.01151"
"124.65000","17.89549","0.01153"
"124.65600","17.89596","0.01154"
"124.66200","17.89650","0.01157"
"124.66800","17.89698","0.01161"
"124.67400","17.89746","0.01156"
"124.68000","17.89794","0.01149"
"124.68600","17.89848","0.01154"
"124.69200","17.89895","0.01158"
"124.69800","17.89949","0.01163"
"124.70400","17.89997","0.01174"
"124.71000","17.90045","0.01173"
"124.71600","17.90093","0.01177"
"124.72200","17.90146","0.01182"
"124.72800","17.90194","0.01182"
"124.73400","17.90242","0.01184"
"124.74000","17.90296","0.01176"
"124.74600","17.90344","0.01166"
"124.75200","17.90398","0.01151"
"124.75800","17.90451","0.01144"
"124.76400","17.90499","0.01150"
"124.77000","17.90547","0.01162"
"124.77600","17.90601","0.01161"
"124.78200","17.90649","0.01157"
"124.78800","17.90697","0.01153"
"124.79400","17.90750","0.01148"
"124.80000","17.90798","0.01154"
"124.80600","17.90846","0.01153"
"124.81200","17.90894","0.01142"
"124.81800","17.90948","0.01137"
"124.82400","17.90996","0.01128"
"124.83000","17.91043","0.01131"
"124.83600","17.91091","0.01149"
"124.84200","17.91145","0.01164"
"124.84800","17.91193","0.01173"
"124.85400","17.91247","0.01176"
"124.86000","17.91294","0.01174"
"124.86600","17.91342","0.01181"
"124.87200","17.91396","0.01179"
"124.87800","17.91444","0.01176"
"124.88400","17.91498","0.01186"
"124.89000","17.91545","0.01192"
"124.89600","17.91599","0.01194"
"124.90200","17.91647","0.01195"
"124.90800","17.91701","0.01189"
"124.91400","17.91749","0.01171"
"124.92000","17.91803","0.01161"
"124.92600","17.91850","0.01147"
"124.93200","17.91898","0.01138"
"124.93800","17.91946","0.01125"
"124.94400","17.92000","0.01118"
"124.95000","17.92048","0.01129"
"124.95600","17.92096","0.01138"
"124.96200","17.92149","0.01140"
"124.96800","17.92197","0.01143"
"124.97400","17.92245","0.01137"
"124.98000","17.92299","0.01138"
"124.98600","17.92347","0.01145"
"124.99200","17.92395","0.01161"
"124.99800","17.92448","0.01167"
"125.00400","17.92496","0.01165"
"125.01000","17.92550","0.01151"
"125.01600","17.92598","0.01150"
"125.02200","17.92646","0.01158"
"125.02800","17.92699","0.01164"
"125.03400","17.92753","0.01169"
"125.04000","17.92801","0.01168"
"125.04600","17.92855","0.01166"
"125.05200","17.92903","0.01162"
"125.05800","17.92951","0.01151"
"125.06400","17.93004","0.01140"
"125.07000","17.93052","0.01127"
"125.07600","17.93100","0.01117"
"125.08200","17.93148","0.01115"
"125.08800","17.93202","0.01131"
"125.09400","17.93250","0.01146"
"125.10000","17.93297","0.01159"
"125.10600","17.93345","0.01160"
"125.11200","17.93399","0.01152"
"125.11800","17.93447","0.01156"
"125.12400","17.93495","0.01164"
"125.13000","17.93542","0.01174"
"125.13600","17.93596","0.01182"
"125.14200","17.93644","0.01173"
"125.14800","17.93692","0.01161"
"125.15400","17.93746","0.01146"
"125.16000","17.93794","0.01130"
"125.16600","17.93847","0.01132"
"125.17200","17.93895","0.01135"
"125.17800","17.93949","0.01130"
"125.18400","17.93997","0.01127"
"125.19000","17.94051","0.01127"
"125.19600","17.94098","0.01131"
"125.20200","17.94146","0.01132"
"125.20800","17.94200","0.01125"
"125.21400","17.94248","0.01120"
"125.22000","17.94296","0.01117"
"125.22600","17.94344","0.01116"
"125.23200","17.94398","0.01120"
"125.23800","17.94445","0.01117"
"125.24400","17.94493","0.01114"
"125.25000","17.94541","0.01113"
"125.25600","17.94595","0.01116"
"125.26200","17.94643","0.01109"
"125.26800","17.94691","0.01114"
"125.27400","17.94744","0.01121"
"125.28000","17.94792","0.01117"
"125.28600","17.94840","0.01112"
"125.29200","17.94894","0.01111"
"125.29800","17.94942","0.01103"
"125.30400","17.94989","0.01092"
"125.31000","17.95043","0.01081"
"125.31600","17.95091","0.01078"
"125.32200","17.95145","0.01072"
"125.32800","17.95199","0.01069"
"125.33400","17.95247","0.01072"
"125.34000","17.95300","0.01078"
"125.34600","17.95348","0.01084"
"125.35200","17.95402","0.01094"
"125.35800","17.95450","0.01105"
"125.36400","17.95498","0.01113"
"125.37000","17.95551","0.01114"
"125.37600","17.95599","0.01114"
"125.38200","17.95647","0.01123"
"125.38800","17.95695","0.01131"
"125.39400","17.95749","0.01130"
"125.40000","17.95797","0.01127"
"125.40600","17.95850","0.01123"
"125.41200","17.95898","0.01117"
"125.41800","17.95946","0.01122"
"125.42400","17.96000","0.01120"
"125.43000","17.96048","0.01113"
"125.43600","17.96095","0.01107"
"125.44200","17.96149","0.01096"
"125.44800","17.96197","0.01092"
"125.45400","17.96251","0.01098"
"125.46000","17.96299","0.01104"
"125.46600","17.96353","0.01108"
"125.47200","17.96406","0.01096"
"125.47800","17.96454","0.01084"
"125.48400","17.96502","0.01085"
"125.49000","17.96556","0.01093"
"125.49600","17.96604","0.01097"
"125.50200","17.96652","0.01097"
"125.50800","17.96705","0.01093"
"125.51400","17.96753","0.01086"
"125.52000","17.96801","0.01084"
"125.52600","17.96849","0.01085"
"125.53200","17.96897","0.01095"
"125.53800","17.96951","0.01101"
"125.54400","17.96998","0.01095"
"125.55000","17.97046","0.01095"
"125.55600","17.97100","0.01103"
"125.56200","17.97148","0.01110"
"125.56800","17.97196","0.01112"
"125.57400","17.97249","0.01104"
"125.58000","17.97297","0.01100"
"125.58600","17.97351","0.01100"
"125.59200","17.97399","0.01095"
"125.59800","17.97453","0.01093"
"125.60400","17.97501","0.01088"
"125.61000","17.97554","0.01079"
"125.61600","17.97602","0.01075"
"125.62200","17.97656","0.01076"
"125.62800","17.97704","0.01073"
"125.63400","17.97752","0.01071"
"125.64000","17.97806","0.01074"
"125.64600","17.97853","0.01076"
"125.65200","17.97901","0.01081"
"125.65800","17.97949","0.01077"
"125.66400","17.98003","0.01071"
"125.67000","17.98051","0.01067"
"125.67600","17.98099","0.01067"
"125.68200","17.98146","0.01073"
"125.68800","17.98200","0.01085"
"125.69400","17.98248","0.01096"
"125.70000","17.98296","0.01108"
"125.70600","17.98350","0.01114"
"125.71200","17.98397","0.01113"
"125.71800","17.98445","0.01107"
"125.72400","17.98499","0.01106"
"125.73000","17.98547","0.01099"
"125.73600","17.98595","0.01094"
"125.74200","17.98649","0.01086"
"125.74800","17.98702","0.01081"
"125.75400","17.98750","0.01074"
"125.76000","17.98798","0.01073"
"125.76600","17.98852","0.01082"
"125.77200","17.98900","0.01084"
"125.77800","17.98948","0.01087"
"125.78400","17.99001","0.01091"
"125.79000","17.99049","0.01088"
"125.79600","17.99097","0.01088"
"125.80200","17.99151","0.01096"
"125.80800","17.99199","0.01101"
"125.81400","17.99246","0.01107"
"125.82000","17.99300","0.01114"
"125.82600","17.99348","0.01117"
"125.83200","17.99396","0.01124"
"125.83800","17.99444","0.01116"
"125.84400","17.99498","0.01102"
"125.85000","17.99545","0.01091"
"125.85600","17.99593","0.01086"
"125.86200","17.99647","0.01088"
"125.86800","17.99695","0.01098"
"125.87400","17.99749","0.01107"
"125.88000","17.99796","0.01112"
"125.88600","17.99850","0.01111"
"125.89200","17.99898","0.01109"
"125.89800","17.99952","0.01111"
"125.90400","18.00000","0.01115"
"125.91000","18.00048","0.01121"
"125.91600","18.00101","0.01131"
"125.92200","18.00149","0.01134"
"125.92800","18.00197","0.01136"
"125.93400","18.00251","0.01138"
"125.94000","18.00299","0.01133"
"125.94600","18.00347","0.01123"
"125.95200","18.00400","0.01107"
"125.95800","18.00448","0.01094"
"125.96400","18.00496","0.01089"
"125.97000","18.00550","0.01090"
"125.97600","18.00598","0.01088"
"125.98200","18.00652","0.01093"
"125.98800","18.00699","0.01090"
"125.99400","18.00747","0.01082"
"126.00000","18.00801","0.01088"
"126.00600","18.00849","0.01099"
"126.01200","18.00903","0.01100"
"126.01800","18.00950","0.01108"
"126.02400","18.01004","0.01121"
"126.03000","18.01052","0.01129"
"126.03600","18.01106","0.01128"
"126.04200","18.01154","0.01124"
"126.04800","18.01201","0.01127"
"126.05400","18.01255","0.01134"
"126.06000","18.01303","0.01141"
"126.06600","18.01351","0.01144"
"126.07200","18.01405","0.01139"
"126.07800","18.01453","0.01129"
"126.08400","18.01501","0.01124"
"126.09000","18.01548","0.01118"
"126.09600","18.01602","0.01115"
"126.10200","18.01650","0.01116"
"126.10800","18.01704","0.01117"
"126.11400","18.01752","0.01116"
"126.12000","18.01799","0.01113"
"126.12600","18.01853","0.01101"
"126.13200","18.01901","0.01099"
"126.13800","18.01955","0.01102"
"126.14400","18.02003","0.01102"
"126.15000","18.02051","0.01103"
"126.15600","18.02104","0.01101"
"126.16200","18.02152","0.01103"
"126.16800","18.02200","0.01105"
"126.17400","18.02254","0.01101"
"126.18000","18.02302","0.01097"
"126.18600","18.02349","0.01098"
"126.19200","18.02403","0.01094"
"126.19800","18.02451","0.01094"
"126.20400","18.02499","0.01095"
"126.21000","18.02553","0.01094"
"126.21600","18.02600","0.01099"
"126.22200","18.02648","0.01101"
"126.22800","18.02702","0.01094"
"126.23400","18.02750","0.01091"
"126.24000","18.02798","0.01086"
"126.24600","18.02852","0.01078"
"126.25200","18.02900","0.01078"
"126.25800","18.02947","0.01076"
"126.26400","18.03001","0.01074"
"126.27000","18.03049","0.01069"
"126.27600","18.03097","0.01057"
"126.28200","18.03151","0.01057"
"126.28800","18.03198","0.01069"
"126.29400","18.03246","0.01078"
"126.30000","18.03300","0.01079"
"126.30600","18.03348","0.01076"
"126.31200","18.03396","0.01071"
"126.31800","18.03450","0.01078"
"126.32400","18.03498","0.01093"
"126.33000","18.03551","0.01103"
"126.33600","18.03599","0.01112"
"126.34200","18.03647","0.01105"
"126.34800","18.03701","0.01098"
"126.35400","18.03749","0.01096"
"126.36000","18.03796","0.01088"
"126.36600","18.03844","0.01080"
"126.37200","18.03898","0.01068"
"126.37800","18.03946","0.01065"
"126.38400","18.04000","0.01076"
"126.39000","18.04047","0.01097"
"126.39600","18.04095","0.01108"
"126.40200","18.04149","0.01115"
"126.40800","18.04197","0.01117"
"126.41400","18.04245","0.01113"
"126.42000","18.04299","0.01116"
"126.42600","18.04346","0.01111"
"126.43200","18.04394","0.01107"
"126.43800","18.04448","0.01106"
"126.44400","18.04496","0.01101"
"126.45000","18.04544","0.01094"
"126.45600","18.04597","0.01099"
"126.46200","18.04645","0.01103"
"126.46800","18.04693","0.01113"
"126.47400","18.04747","0.01119"
"126.48000","18.04795","0.01124"
"126.48600","18.04849","0.01128"
"126.49200","18.04896","0.01135"
"126.49800","18.04944","0.01137"
"126.50400","18.04998","0.01137"
"126.51000","18.05046","0.01131"
"126.51600","18.05100","0.01126"
"126.52200","18.05148","0.01116"
"126.52800","18.05195","0.01105"
"126.53400","18.05249","0.01101"
"126.54000","18.05297","0.01096"
"126.54600","18.05351","0.01089"
"126.55200","18.05399","0.01084"
"126.55800","18.05447","0.01087"
"126.56400","18.05494","0.01095"
"126.57000","18.05548","0.01098"
"126.57600","18.05596","0.01090"
"126.58200","18.05644","0.01088"
"126.58800","18.05698","0.01090"
"126.59400","18.05746","0.01086"
"126.60000","18.05799","0.01088"
"126.60600","18.05847","0.01090"
"126.61200","18.05901","0.01079"
"126.61800","18.05949","0.01067"
"126.62400","18.06003","0.01069"
"126.63000","18.06050","0.01081"
"126.63600","18.06104","0.01098"
"126.64200","18.06152","0.01107"
"126.64800","18.06206","0.01115"
"126.65400","18.06254","0.01116"
"126.66000","18.06302","0.01111"
"126.66600","18.06355","0.01105"
"126.67200","18.06403","0.01106"
"126.67800","18.06451","0.01095"
"126.68400","18.06505","0.01083"
"126.69000","18.06553","0.01077"
"126.69600","18.06601","0.01075"
"126.70200","18.06654","0.01076"
"126.70800","18.06702","0.01082"
"126.71400","18.06750","0.01088"
"126.72000","18.06798","0.01092"
"126.72600","18.06852","0.01090"
"126.73200","18.06899","0.01095"
"126.73800","18.06947","0.01097"
"126.74400","18.06995","0.01092"
"126.75000","18.07049","0.01096"
"126.75600","18.07097","0.01099"
"126.76200","18.07151","0.01097"
"126.76800","18.07199","0.01100"
"126.77400","18.07252","0.01096"
"126.78000","18.07300","0.01091"
"126.78600","18.07348","0.01091"
"126.79200","18.07402","0.01085"
"126.79800","18.07450","0.01074"
"126.80400","18.07497","0.01072"
"126.81000","18.07545","0.01075"
"126.81600","18.07593","0.01084"
"126.82200","18.07641","0.01087"
"126.82800","18.07695","0.01085"
"126.83400","18.07743","0.01082"
"126.84000","18.07790","0.01078"
"126.84600","18.07844","0.01073"
"126.85200","18.07892","0.01071"
"126.85800","18.07940","0.01060"
"126.86400","18.07994","0.01055"
"126.87000","18.08042","0.01055"
"126.87600","18.08095","0.01050"
"126.88200","18.08143","0.01048"
"126.88800","18.08191","0.01047"
"126.89400","18.08245","0.01051"
"126.90000","18.08293","0.01055"
"126.90600","18.08346","0.01056"
"126.91200","18.08400","0.01061"
"126.91800","18.08448","0.01074"
"126.92400","18.08496","0.01086"
"126.93000","18.08550","0.01097"
"126.93600","18.08598","0.01103"
"126.94200","18.08651","0.01098"
"126.94800","18.08699","0.01104"
"126.95400","18.08747","0.01114"
"126.96000","18.08795","0.01120"
"126.96600","18.08843","0.01127"
"126.97200","18.08896","0.01121"
"126.97800","18.08944","0.01110"
"126.98400","18.08992","0.01105"
"126.99000","18.09046","0.01094"
"126.99600","18.09094","0.01087"
"127.00200","18.09148","0.01096"
"127.00800","18.09196","0.01106"
"127.01400","18.09243","0.01115"
"127.02000","18.09297","0.01118"
"127.02600","18.09345","0.01121"
"127.03200","18.09399","0.01121"
"127.03800","18.09447","0.01120"
"127.04400","18.09500","0.01103"
"127.05000","18.09548","0.01092"
"127.05600","18.09596","0.01090"
"127.06200","18.09650","0.01092"
"127.06800","18.09698","0.01100"
"127.07400","18.09745","0.01097"
"127.08000","18.09799","0.01095"
"127.08600","18.09847","0.01097"
"127.09200","18.09895","0.01097"
"127.09800","18.09943","0.01101"
"127.10400","18.09997","0.01115"
"127.11000","18.10044","0.01111"
"127.11600","18.10092","0.01099"
"127.12200","18.10146","0.01094"
"127.12800","18.10194","0.01088"
"127.13400","18.10242","0.01086"
"127.14000","18.10295","0.01089"
"127.14600","18.10343","0.01100"
"127.15200","18.10397","0.01108"
"127.15800","18.10445","0.01103"
"127.16400","18.10493","0.01100"
"127.17000","18.10547","0.01102"
"127.17600","18.10594","0.01099"
"127.18200","18.10648","0.01095"
"127.18800","18.10696","0.01096"
"127.19400","18.10750","0.01094"
"127.20000","18.10798","0.01097"
"127.20600","18.10851","0.01104"
"127.21200","18.10899","0.01110"
"127.21800","18.10947","0.01114"
"127.22400","18.11001","0.01117"
"127.23000","18.11049","0.01115"
"127.23600","18.11097","0.01114"
"127.24200","18.11144","0.01110"
"127.24800","18.11198","0.01110"
"127.25400","18.11246","0.01109"
"127.26000","18.11294","0.01104"
"127.26600","18.11348","0.01097"
"127.27200","18.11396","0.01090"
"127.27800","18.11444","0.01083"
"127.28400","18.11497","0.01079"
"127.29000","18.11545","0.01070"
"127.29600","18.11593","0.01062"
"127.30200","18.11647","0.01066"
"127.30800","18.11695","0.01064"
"127.31400","18.11742","0.01069"
"127.32000","18.11796","0.01085"
"127.32600","18.11844","0.01086"
"127.33200","18.11898","0.01082"
"127.33800","18.11946","0.01086"
"127.34400","18.12000","0.01082"
"127.35000","18.12047","0.01085"
"127.35600","18.12095","0.01084"
"127.36200","18.12143","0.01077"
"127.36800","18.12197","0.01071"
"127.37400","18.12245","0.01069"
"127.38000","18.12292","0.01075"
"127.38600","18.12340","0.01084"
"127.39200","18.12394","0.01088"
"127.39800","18.12442","0.01085"
"127.40400","18.12490","0.01080"
"127.41000","18.12543","0.01075"
"127.41600","18.12591","0.01080"
"127.42200","18.12645","0.01092"
"127.42800","18.12693","0.01094"
"127.43400","18.12741","0.01094"
"127.44000","18.12795","0.01086"
"127.44600","18.12843","0.01080"
"127.45200","18.12890","0.01080"
"127.45800","18.12938","0.01080"
"127.46400","18.12992","0.01078"
"127.47000","18.13040","0.01076"
"127.47600","18.13094","0.01073"
"127.48200","18.13141","0.01070"
"127.48800","18.13195","0.01078"
"127.49400","18.13243","0.01083"
"127.50000","18.13291","0.01094"
"127.50600","18.13345","0.01106"
"127.51200","18.13392","0.01113"
"127.51800","18.13446","0.01119"
"127.52400","18.13494","0.01123"
"127.53000","18.13548","0.01123"
"127.53600","18.13596","0.01131"
"127.54200","18.13650","0.01130"
"127.54800","18.13698","0.01128"
"127.55400","18.13751","0.01125"
"127.56000","18.13799","0.01117"
"127.56600","18.13853","0.01112"
"127.57200","18.13901","0.01112"
"127.57800","18.13949","0.01108"
"127.58400","18.14003","0.01110"
"127.59000","18.14050","0.01118"
"127.59600","18.14098","0.01119"
"127.60200","18.14152","0.01117"
"127.60800","18.14200","0.01119"
"127.61400","18.14254","0.01124"
"127.62000","18.14301","0.01128"
"127.62600","18.14349","0.01132"
"127.63200","18.14403","0.01137"
"127.63800","18.14451","0.01137"
"127.64400","18.14499","0.01125"
"127.65000","18.14552","0.01114"
"127.65600","18.14600","0.01105"
"127.66200","18.14648","0.01098"
"127.66800","18.14702","0.01095"
"127.67400","18.14750","0.01089"
"127.68000","18.14798","0.01085"
"127.68600","18.14852","0.01087"
"127.69200","18.14899","0.01087"
"127.69800","18.14953","0.01091"
"127.70400","18.15001","0.01093"
"127.71000","18.15049","0.01084"
"127.71600","18.15103","0.01086"
"127.72200","18.15150","0.01097"
"127.72800","18.15198","0.01100"
"127.73400","18.15252","0.01102"
"127.74000","18.15300","0.01108"
"127.74600","18.15354","0.01115"
"127.75200","18.15402","0.01118"
"127.75800","18.15450","0.01110"
"127.76400","18.15503","0.01103"
"127.77000","18.15551","0.01099"
"127.77600","18.15599","0.01090"
"127.78200","18.15647","0.01096"
"127.78800","18.15701","0.01111"
"127.79400","18.15748","0.01121"
"127.80000","18.15796","0.01128"
"127.80600","18.15850","0.01128"
"127.81200","18.15898","0.01121"
"127.81800","18.15952","0.01105"
"127.82400","18.15999","0.01088"
"127.83000","18.16053","0.01077"
"127.83600","18.16101","0.01076"
"127.84200","18.16155","0.01068"
"127.84800","18.16203","0.01060"
"127.85400","18.16251","0.01056"
"127.86000","18.16304","0.01058"
"127.86600","18.16352","0.01067"
"127.87200","18.16400","0.01086"
"127.87800","18.16448","0.01100"
"127.88400","18.16502","0.01104"
"127.89000","18.16549","0.01094"
"127.89600","18.16597","0.01082"
"127.90200","18.16651","0.01076"
"127.90800","18.16699","0.01073"
"127.91400","18.16747","0.01070"
"127.92000","18.16801","0.01068"
"127.92600","18.16849","0.01068"
"127.93200","18.16896","0.01070"
"127.93800","18.16950","0.01072"
"127.94400","18.16998","0.01084"
"127.95000","18.17046","0.01092"
"127.95600","18.17100","0.01090"
"127.96200","18.17147","0.01084"
"127.96800","18.17195","0.01086"
"127.97400","18.17249","0.01078"
"127.98000","18.17297","0.01069"
"127.98600","18.17345","0.01075"
"127.99200","18.17398","0.01078"
"127.99800","18.17446","0.01075"
"128.00400","18.17494","0.01076"
"128.01000","18.17542","0.01086"
"128.01600","18.17596","0.01097"
"128.02200","18.17644","0.01107"
"128.02800","18.17698","0.01113"
"128.03400","18.17745","0.01123"
"128.04000","18.17799","0.01125"
"128.04600","18.17847","0.01120"
"128.05200","18.17895","0.01109"
"128.05800","18.17949","0.01089"
"128.06400","18.17996","0.01079"
"128.07000","18.18044","0.01087"
"128.07600","18.18098","0.01093"
"128.08200","18.18146","0.01098"
"128.08800","18.18194","0.01104"
"128.09400","18.18248","0.01114"
"128.10000","18.18295","0.01120"
"128.10600","18.18349","0.01129"
"128.11200","18.18397","0.01122"
"128.11800","18.18451","0.01126"
"128.12400","18.18499","0.01127"
"128.13000","18.18552","0.01126"
"128.13600","18.18600","0.01123"
"128.14200","18.18648","0.01101"
"128.14800","18.18702","0.01075"
"128.15400","18.18750","0.01063"
"128.16000","18.18797","0.01054"
"128.16600","18.18851","0.01060"
"128.17200","18.18899","0.01072"
"128.17800","18.18947","0.01080"
"128.18400","18.19001","0.01087"
"128.19000","18.19049","0.01095"
"128.19600","18.19102","0.01098"
"128.20200","18.19150","0.01102"
"128.20800","18.19198","0.01104"
"128.21400","18.19252","0.01114"
"128.22000","18.19300","0.01131"
"128.22600","18.19348","0.01137"
"128.23200","18.19401","0.01138"
"128.23800","18.19449","0.01140"
"128.24400","18.19497","0.01133"
"128.25000","18.19545","0.01126"
"128.25600","18.19599","0.01113"
"128.26200","18.19646","0.01100"
"128.26800","18.19700","0.01095"
"128.27400","18.19748","0.01098"
"128.28000","18.19796","0.01111"
"128.28600","18.19850","0.01129"
"128.29200","18.19898","0.01138"
"128.29800","18.19951","0.01139"
"128.30400","18.19999","0.01138"
"128.31000","18.20047","0.01130"
"128.31600","18.20095","0.01133"
"128.32200","18.20149","0.01138"
"128.32800","18.20197","0.01136"
"128.33400","18.20250","0.01129"
"128.34000","18.20298","0.01114"
"128.34600","18.20352","0.01102"
"128.35200","18.20400","0.01103"
"128.35800","18.20448","0.01099"
"128.36400","18.20502","0.01093"
"128.37000","18.20549","0.01092"
"128.37600","18.20597","0.01085"
"128.38200","18.20645","0.01083"
"128.38800","18.20699","0.01085"
"128.39400","18.20747","0.01082"
"128.40000","18.20794","0.01085"
"128.40600","18.20848","0.01090"
"128.41200","18.20896","0.01097"
"128.41800","18.20944","0.01107"
"128.42400","18.20992","0.01105"
"128.43000","18.21046","0.01100"
"128.43600","18.21093","0.01098"
"128.44200","18.21141","0.01089"
"128.44800","18.21195","0.01080"
"128.45400","18.21243","0.01087"
"128.46000","18.21297","0.01103"
"128.46600","18.21345","0.01115"
"128.47200","18.21392","0.01114"
"128.47800","18.21446","0.01110"
"128.48400","18.21500","0.01104"
"128.49000","18.21548","0.01096"
"128.49600","18.21596","0.01084"
"128.50200","18.21650","0.01083"
"128.50800","18.21697","0.01080"
"128.51400","18.21745","0.01076"
"128.52000","18.21793","0.01083"
"128.52600","18.21841","0.01092"
"128.53200","18.21895","0.01101"
"128.53800","18.21943","0.01117"
"128.54400","18.21990","0.01121"
"128.55000","18.22044","0.01117"
"128.55600","18.22092","0.01106"
"128.56200","18.22146","0.01089"
"128.56800","18.22194","0.01082"
"128.57400","18.22241","0.01082"
"128.58000","18.22295","0.01074"
"128.58600","18.22343","0.01067"
"128.59200","18.22391","0.01056"
"128.59800","18.22445","0.01052"
"128.60400","18.22493","0.01056"
"128.61000","18.22546","0.01061"
"128.61600","18.22600","0.01068"
"128.62200","18.22648","0.01073"
"128.62800","18.22702","0.01075"
"128.63400","18.22750","0.01085"
"128.64000","18.22803","0.01102"
"128.64600","18.22851","0.01114"
"128.65200","18.22905","0.01123"
"128.65800","18.22953","0.01129"
"128.66400","18.23001","0.01124"
"128.67000","18.23055","0.01124"
"128.67600","18.23103","0.01124"
"128.68200","18.23156","0.01129"
"128.68800","18.23204","0.01138"
"128.69400","18.23252","0.01138"
"128.70000","18.23300","0.01128"
"128.70600","18.23354","0.01119"
"128.71200","18.23401","0.01114"
"128.71800","18.23449","0.01123"
"128.72400","18.23497","0.01126"
"128.73000","18.23551","0.01118"
"128.73600","18.23599","0.01111"
"128.74200","18.23647","0.01095"
"128.74800","18.23700","0.01088"
"128.75400","18.23748","0.01089"
"128.76000","18.23802","0.01087"
"128.76600","18.23850","0.01089"
"128.77200","18.23904","0.01094"
"128.77800","18.23952","0.01101"
"128.78400","18.24005","0.01115"
"128.79000","18.24053","0.01127"
"128.79600","18.24101","0.01136"
"128.80200","18.24155","0.01143"
"128.80800","18.24203","0.01142"
"128.81400","18.24250","0.01132"
"128.82000","18.24298","0.01128"
"128.82600","18.24352","0.01120"
"128.83200","18.24400","0.01111"
"128.83800","18.24448","0.01105"
"128.84400","18.24502","0.01098"
"128.85000","18.24549","0.01100"
"128.85600","18.24597","0.01107"
"128.86200","18.24651","0.01109"
"128.86800","18.24699","0.01112"
"128.87400","18.24747","0.01103"
"128.88000","18.24800","0.01096"
"128.88600","18.24848","0.01095"
"128.89200","18.24896","0.01090"
"128.89800","18.24950","0.01083"
"128.90400","18.24998","0.01080"
"128.91000","18.25051","0.01077"
"128.91600","18.25105","0.01090"
"128.92200","18.25153","0.01112"
"128.92800","18.25201","0.01125"
"128.93400","18.25255","0.01128"
"128.94000","18.25303","0.01131"
"128.94600","18.25351","0.01133"
"128.95200","18.25398","0.01131"
"128.95800","18.25452","0.01119"
"128.96400","18.25500","0.01102"
"128.97000","18.25548","0.01096"
"128.97600","18.25596","0.01089"
"128.98200","18.25649","0.01090"
"128.98800","18.25697","0.01105"
"128.99400","18.25745","0.01114"
"129.00000","18.25793","0.01122"
"129.00600","18.25847","0.01120"
"129.01200","18.25895","0.01108"
"129.01800","18.25942","0.01101"
"129.02400","18.25990","0.01103"
"129.03000","18.26044","0.01108"
"129.03600","18.26092","0.01113"
"129.04200","18.26140","0.01116"
"129.04800","18.26194","0.01117"
"129.05400","18.26241","0.01115"
"129.06000","18.26295","0.01105"
"129.06600","18.26349","0.01095"
"129.07200","18.26397","0.01087"
"129.07800","18.26451","0.01083"
"129.08400","18.26498","0.01079"
"129.09000","18.26546","0.01077"
"129.09600","18.26600","0.01079"
"129.10200","18.26648","0.01096"
"129.10800","18.26696","0.01109"
"129.11400","18.26744","0.01113"
"129.12000","18.26797","0.01119"
"129.12600","18.26845","0.01115"
"129.13200","18.26893","0.01104"
"129.13800","18.26941","0.01096"
"129.14400","18.26995","0.01090"
"129.15000","18.27043","0.01082"
"129.15600","18.27096","0.01078"
"129.16200","18.27144","0.01076"
"129.16800","18.27192","0.01080"
"129.17400","18.27246","0.01080"
"129.18000","18.27299","0.01081"
"129.18600","18.27347","0.01088"
"129.19200","18.27401","0.01094"
"129.19800","18.27449","0.01089"
"129.20400","18.27503","0.01096"
"129.21000","18.27551","0.01101"
"129.21600","18.27604","0.01104"
"129.22200","18.27652","0.01108"
"129.22800","18.27706","0.01108"
"129.23400","18.27754","0.01107"
"129.24000","18.27802","0.01102"
"129.24600","18.27856","0.01095"
"129.25200","18.27904","0.01102"
"129.25800","18.27951","0.01105"
"129.26400","18.27999","0.01105"
"129.27000","18.28047","0.01107"
"129.27600","18.28095","0.01100"
"129.28200","18.28143","0.01082"
"129.28800","18.28197","0.01073"
"129.29400","18.28244","0.01076"
"129.30000","18.28292","0.01080"
"129.30600","18.28346","0.01088"
"129.31200","18.28394","0.01091"
"129.31800","18.28442","0.01098"
"129.32400","18.28495","0.01100"
"129.33000","18.28543","0.01096"
"129.33600","18.28597","0.01104"
"129.34200","18.28645","0.01116"
"129.34800","18.28699","0.01127"
"129.35400","18.28746","0.01143"
"129.36000","18.28800","0.01157"
"129.36600","18.28848","0.01164"
"129.37200","18.28896","0.01163"
"129.37800","18.28950","0.01152"
"129.38400","18.28998","0.01146"
"129.39000","18.29045","0.01135"
"129.39600","18.29093","0.01118"
"129.40200","18.29147","0.01108"
"129.40800","18.29195","0.01095"
"129.41400","18.29243","0.01084"
"129.42000","18.29297","0.01086"
"129.42600","18.29344","0.01090"
"129.43200","18.29392","0.01088"
"129.43800","18.29446","0.01082"
"129.44400","18.29494","0.01077"
"129.45000","18.29542","0.01082"
"129.45600","18.29596","0.01093"
"129.46200","18.29643","0.01100"
"129.46800","18.29697","0.01106"
"129.47400","18.29745","0.01106"
"129.48000","18.29793","0.01108"
"129.48600","18.29847","0.01116"
"129.49200","18.29901","0.01128"
"129.49800","18.29948","0.01128"
"129.50400","18.30002","0.01125"
"129.51000","18.30050","0.01115"
"129.51600","18.30098","0.01114"
"129.52200","18.30146","0.01113"
"129.52800","18.30200","0.01104"
"129.53400","18.30247","0.01097"
"129.54000","18.30295","0.01091"
"129.54600","18.30343","0.01081"
"129.55200","18.30397","0.01079"
"129.55800","18.30445","0.01086"
"129.56400","18.30492","0.01104"
"129.57000","18.30546","0.01132"
"129.57600","18.30594","0.01149"
"129.58200","18.30642","0.01150"
"129.58800","18.30690","0.01146"
"129.59400","18.30744","0.01136"
"129.60000","18.30791","0.01131"
"129.60600","18.30839","0.01131"
"129.61200","18.30893","0.01130"
"129.61800","18.30941","0.01129"
"129.62400","18.30995","0.01121"
"129.63000","18.31043","0.01111"
"129.63600","18.31096","0.01108"
"129.64200","18.31144","0.01102"
"129.64800","18.31198","0.01093"
"129.65400","18.31246","0.01095"
"129.66000","18.31294","0.01101"
"129.66600","18.31347","0.01110"
"129.67200","18.31395","0.01118"
"129.67800","18.31443","0.01120"
"129.68400","18.31497","0.01124"
"129.69000","18.31545","0.01130"
"129.69600","18.31593","0.01132"
"129.70200","18.31647","0.01135"
"129.70800","18.31694","0.01130"
"129.71400","18.31748","0.01120"
"129.72000","18.31796","0.01116"
"129.72600","18.31850","0.01112"
"129.73200","18.31898","0.01104"
"129.73800","18.31951","0.01097"
"129.74400","18.31999","0.01093"
"129.75000","18.32047","0.01094"
"129.75600","18.32101","0.01095"
"129.76200","18.32149","0.01089"
"129.76800","18.32203","0.01091"
"129.77400","18.32250","0.01095"
"129.78000","18.32304","0.01111"
"129.78600","18.32352","0.01130"
"129.79200","18.32400","0.01142"
"129.79800","18.32454","0.01140"
"129.80400","18.32501","0.01126"
"129.81000","18.32549","0.01107"
"129.81600","18.32597","0.01098"
"129.82200","18.32651","0.01096"
"129.82800","18.32699","0.01096"
"129.83400","18.32747","0.01095"
"129.84000","18.32800","0.01087"
"129.84600","18.32848","0.01082"
"129.85200","18.32902","0.01088"
"129.85800","18.32950","0.01098"
"129.86400","18.32998","0.01107"
"129.87000","18.33051","0.01110"
"129.87600","18.33099","0.01110"
"129.88200","18.33153","0.01111"
"129.88800","18.33201","0.01107"
"129.89400","18.33249","0.01094"
"129.90000","18.33302","0.01087"
"129.90600","18.33350","0.01088"
"129.91200","18.33398","0.01081"
"129.91800","18.33452","0.01078"
"129.92400","18.33500","0.01080"
"129.93000","18.33548","0.01097"
"129.93600","18.33602","0.01121"
"129.94200","18.33649","0.01136"
"129.94800","18.33697","0.01133"
"129.95400","18.33745","0.01119"
"129.96000","18.33799","0.01103"
"129.96600","18.33847","0.01103"
"129.97200","18.33895","0.01103"
"129.97800","18.33948","0.01104"
"129.98400","18.33996","0.01109"
"129.99000","18.34044","0.01106"
"129.99600","18.34098","0.01100"
"130.00200","18.34146","0.01106"
"130.00800","18.34193","0.01116"
"130.01400","18.34247","0.01115"
"130.02000","18.34295","0.01119"
"130.02600","18.34349","0.01117"
"130.03200","18.34397","0.01115"
"130.03800","18.34444","0.01121"
"130.04400","18.34492","0.01128"
"130.05000","18.34546","0.01130"
"130.05600","18.34594","0.01126"
"130.06200","18.34648","0.01121"
"130.06800","18.34696","0.01120"
"130.07400","18.34743","0.01119"
"130.08000","18.34791","0.01111"
"130.08600","18.34845","0.01108"
"130.09200","18.34893","0.01110"
"130.09800","18.34947","0.01112"
"130.10400","18.34995","0.01118"
"130.11000","18.35042","0.01121"
"130.11600","18.35096","0.01121"
"130.12200","18.35144","0.01124"
"130.12800","18.35198","0.01116"
"130.13400","18.35246","0.01109"
"130.14000","18.35294","0.01100"
"130.14600","18.35347","0.01092"
"130.15200","18.35395","0.01092"
"130.15800","18.35443","0.01096"
"130.16400","18.35497","0.01099"
"130.17000","18.35545","0.01101"
"130.17600","18.35598","0.01099"
"130.18200","18.35646","0.01100"
"130.18800","18.35694","0.01103"
"130.19400","18.35748","0.01104"
"130.20000","18.35796","0.01105"
"130.20600","18.35850","0.01102"
"130.21200","18.35897","0.01089"
"130.21800","18.35951","0.01085"
"130.22400","18.35999","0.01091"
"130.23000","18.36047","0.01098"
"130.23600","18.36101","0.01116"
"130.24200","18.36148","0.01132"
"130.24800","18.36196","0.01136"
"130.25400","18.36244","0.01135"
"130.26000","18.36298","0.01130"
"130.26600","18.36346","0.01133"
"130.27200","18.36399","0.01134"
"130.27800","18.36447","0.01128"
"130.28400","18.36495","0.01129"
"130.29000","18.36549","0.01135"
"130.29600","18.36597","0.01132"
"130.30200","18.36651","0.01130"
"130.30800","18.36699","0.01134"
"130.31400","18.36746","0.01128"
"130.32000","18.36800","0.01118"
"130.32600","18.36848","0.01115"
"130.33200","18.36902","0.01123"
"130.33800","18.36950","0.01134"
"130.34400","18.36997","0.01131"
"130.35000","18.37051","0.01125"
"130.35600","18.37099","0.01114"
"130.36200","18.37147","0.01105"
"130.36800","18.37201","0.01108"
"130.37400","18.37249","0.01106"
"130.38000","18.37296","0.01099"
"130.38600","18.37350","0.01097"
"130.39200","18.37398","0.01099"
"130.39800","18.37452","0.01106"
"130.40400","18.37500","0.01113"
"130.41000","18.37548","0.01115"
"130.41600","18.37601","0.01125"
"130.42200","18.37649","0.01136"
"130.42800","18.37703","0.01138"
"130.43400","18.37751","0.01144"
"130.44000","18.37805","0.01146"
"130.44600","18.37853","0.01141"
"130.45200","18.37900","0.01138"
"130.45800","18.37954","0.01130"
"130.46400","18.38002","0.01116"
"130.47000","18.38050","0.01111"
"130.47600","18.38104","0.01104"
"130.48200","18.38152","0.01103"
"130.48800","18.38199","0.01103"
"130.49400","18.38253","0.01101"
"130.50000","18.38301","0.01104"
"130.50600","18.38355","0.01116"
"130.51200","18.38403","0.01118"
"130.51800","18.38450","0.01118"
"130.52400","18.38504","0.01114"
"130.53000","18.38552","0.01103"
"130.53600","18.38600","0.01100"
"130.54200","18.38648","0.01102"
"130.54800","18.38696","0.01104"
"130.55400","18.38749","0.01110"
"130.56000","18.38797","0.01112"
"130.56600","18.38845","0.01117"
"130.57200","18.38899","0.01116"
"130.57800","18.38947","0.01106"
"130.58400","18.38995","0.01099"
"130.59000","18.39048","0.01095"
"130.59600","18.39096","0.01098"
"130.60200","18.39144","0.01100"
"130.60800","18.39198","0.01104"
"130.61400","18.39246","0.01109"
"130.62000","18.39300","0.01113"
"130.62600","18.39347","0.01110"
"130.63200","18.39395","0.01108"
"130.63800","18.39449","0.01114"
"130.64400","18.39497","0.01120"
"130.65000","18.39551","0.01127"
"130.65600","18.39598","0.01128"
"130.66200","18.39652","0.01123"
"130.66800","18.39700","0.01131"
"130.67400","18.39748","0.01141"
"130.68000","18.39796","0.01140"
"130.68600","18.39844","0.01138"
"130.69200","18.39897","0.01138"
"130.69800","18.39945","0.01136"
"130.70400","18.39993","0.01127"
"130.71000","18.40047","0.01111"
"130.71600","18.40095","0.01094"
"130.72200","18.40149","0.01082"
"130.72800","18.40196","0.01078"
"130.73400","18.40244","0.01081"
"130.74000","18.40298","0.01081"
"130.74600","18.40346","0.01081"
"130.75200","18.40400","0.01076"
"130.75800","18.40447","0.01070"
"130.76400","18.40501","0.01073"
"130.77000","18.40549","0.01074"
"130.77600","18.40603","0.01073"
"130.78200","18.40651","0.01075"
"130.78800","18.40705","0.01081"
"130.79400","18.40752","0.01089"
"130.80000","18.40806","0.01103"
"130.80600","18.40854","0.01108"
"130.81200","18.40902","0.01106"
"130.81800","18.40956","0.01109"
"130.82400","18.41003","0.01113"
"130.83000","18.41051","0.01110"
"130.83600","18.41099","0.01108"
"130.84200","18.41153","0.01107"
"130.84800","18.41201","0.01117"
"130.85400","18.41255","0.01125"
"130.86000","18.41302","0.01125"
"130.86600","18.41350","0.01126"
"130.87200","18.41398","0.01127"
"130.87800","18.41452","0.01123"
"130.88400","18.41500","0.01122"
"130.89000","18.41548","0.01114"
"130.89600","18.41595","0.01102"
"130.90200","18.41649","0.01097"
"130.90800","18.41697","0.01096"
"130.91400","18.41751","0.01098"
"130.92000","18.41805","0.01100"
"130.92600","18.41852","0.01103"
"130.93200","18.41906","0.01113"
"130.93800","18.41954","0.01123"
"130.94400","18.42002","0.01119"
"130.95000","18.42056","0.01113"
"130.95600","18.42104","0.01109"
"130.96200","18.42151","0.01102"
"130.96800","18.42199","0.01106"
"130.97400","18.42253","0.01114"
"130.98000","18.42301","0.01113"
"130.98600","18.42349","0.01112"
"130.99200","18.42402","0.01109"
"130.99800","18.42450","0.01109"
"131.00400","18.42498","0.01115"
"131.01000","18.42552","0.01119"
"131.01600","18.42600","0.01113"
"131.02200","18.42648","0.01105"
"131.02800","18.42695","0.01101"
"131.03400","18.42749","0.01104"
"131.04000","18.42797","0.01102"
"131.04600","18.42851","0.01094"
"131.05200","18.42899","0.01086"
"131.05800","18.42953","0.01083"
"131.06400","18.43000","0.01092"
"131.07000","18.43054","0.01117"
"131.07600","18.43102","0.01131"
"131.08200","18.43150","0.01133"
"131.08800","18.43204","0.01132"
"131.09400","18.43251","0.01128"
"131.10000","18.43299","0.01130"
"131.10600","18.43347","0.01138"
"131.11200","18.43401","0.01135"
"131.11800","18.43449","0.01134"
"131.12400","18.43497","0.01139"
"131.13000","18.43544","0.01135"
"131.13600","18.43592","0.01124"
"131.14200","18.43646","0.01118"
"131.14800","18.43694","0.01114"
"131.15400","18.43742","0.01116"
"131.16000","18.43796","0.01115"
"131.16600","18.43843","0.01108"
"131.17200","18.43891","0.01109"
"131.17800","18.43945","0.01103"
"131.18400","18.43993","0.01101"
"131.19000","18.44041","0.01104"
"131.19600","18.44094","0.01100"
"131.20200","18.44142","0.01096"
"131.20800","18.44196","0.01099"
"131.21400","18.44244","0.01101"
"131.22000","18.44298","0.01108"
"131.22600","18.44346","0.01114"
"131.23200","18.44399","0.01118"
"131.23800","18.44447","0.01117"
"131.24400","18.44501","0.01117"
"131.25000","18.44549","0.01127"
"131.25600","18.44597","0.01124"
"131.26200","18.44650","0.01117"
"131.26800","18.44698","0.01114"
"131.27400","18.44746","0.01112"
"131.28000","18.44800","0.01109"
"131.28600","18.44848","0.01100"
"131.29200","18.44896","0.01097"
"131.29800","18.44950","0.01094"
"131.30400","18.44997","0.01095"
"131.31000","18.45051","0.01100"
"131.31600","18.45099","0.01105"
"131.32200","18.45147","0.01116"
"131.32800","18.45201","0.01118"
"131.33400","18.45248","0.01124"
"131.34000","18.45302","0.01130"
"131.34600","18.45350","0.01130"
"131.35200","18.45404","0.01129"
"131.35800","18.45452","0.01129"
"131.36400","18.45500","0.01134"
"131.37000","18.45553","0.01142"
"131.37600","18.45601","0.01141"
"131.38200","18.45655","0.01145"
"131.38800","18.45703","0.01148"
"131.39400","18.45751","0.01140"
"131.40000","18.45805","0.01135"
"131.40600","18.45852","0.01122"
"131.41200","18.45900","0.01105"
"131.41800","18.45954","0.01101"
"131.42400","18.46002","0.01107"
"131.43000","18.46050","0.01117"
"131.43600","18.46097","0.01121"
"131.44200","18.46151","0.01112"
"131.44800","18.46199","0.01108"
"131.45400","18.46247","0.01111"
"131.46000","18.46301","0.01109"
"131.46600","18.46349","0.01110"
"131.47200","18.46403","0.01121"
"131.47800","18.46450","0.01123"
"131.48400","18.46498","0.01115"
"131.49000","18.46552","0.01112"
"131.49600","18.46600","0.01099"
"131.50200","18.46654","0.01092"
"131.50800","18.46701","0.01098"
"131.51400","18.46749","0.01097"
"131.52000","18.46803","0.01094"
"131.52600","18.46851","0.01087"
"131.53200","18.46899","0.01085"
"131.53800","18.46947","0.01102"
"131.54400","18.47000","0.01108"
"131.55000","18.47048","0.01105"
"131.55600","18.47102","0.01104"
"131.56200","18.47150","0.01099"
"131.56800","18.47198","0.01103"
"131.57400","18.47246","0.01109"
"131.58000","18.47299","0.01110"
"131.58600","18.47347","0.01116"
"131.59200","18.47395","0.01115"
"131.59800","18.47443","0.01104"
"131.60400","18.47491","0.01100"
"131.61000","18.47544","0.01109"
"131.61600","18.47592","0.01123"
"131.62200","18.47646","0.01137"
"131.62800","18.47694","0.01134"
"131.63400","18.47748","0.01127"
"131.64000","18.47796","0.01122"
"131.64600","18.47843","0.01115"
"131.65200","18.47897","0.01114"
"131.65800","18.47945","0.01115"
"131.66400","18.47999","0.01109"
"131.67000","18.48047","0.01103"
"131.67600","18.48095","0.01101"
"131.68200","18.48148","0.01107"
"131.68800","18.48196","0.01119"
"131.69400","18.48244","0.01120"
"131.70000","18.48298","0.01111"
"131.70600","18.48346","0.01104"
"131.71200","18.48400","0.01104"
"131.71800","18.48447","0.01122"
"131.72400","18.48495","0.01137"
"131.73000","18.48543","0.01139"
"131.73600","18.48591","0.01132"
"131.74200","18.48645","0.01122"
"131.74800","18.48693","0.01119"
"131.75400","18.48740","0.01121"
"131.76000","18.48794","0.01124"
"131.76600","18.48842","0.01122"
"131.77200","18.48896","0.01112"
"131.77800","18.48944","0.01102"
"131.78400","18.48997","0.01101"
"131.79000","18.49045","0.01107"
"131.79600","18.49099","0.01101"
"131.80200","18.49147","0.01097"
"131.80800","18.49201","0.01093"
"131.81400","18.49249","0.01088"
"131.82000","18.49296","0.01082"
"131.82600","18.49350","0.01078"
"131.83200","18.49398","0.01083"
"131.83800","18.49446","0.01092"
"131.84400","18.49500","0.01097"
"131.85000","18.49547","0.01099"
"131.85600","18.49601","0.01103"
"131.86200","18.49649","0.01101"
"131.86800","18.49697","0.01109"
"131.87400","18.49751","0.01119"
"131.88000","18.49798","0.01114"
"131.88600","18.49846","0.01109"
"131.89200","18.49900","0.01104"
"131.89800","18.49948","0.01102"
"131.90400","18.49996","0.01100"
"131.91000","18.50050","0.01107"
"131.91600","18.50097","0.01116"
"131.92200","18.50151","0.01125"
"131.92800","18.50199","0.01125"
"131.93400","18.50253","0.01124"
"131.94000","18.50301","0.01126"
"131.94600","18.50355","0.01123"
"131.95200","18.50402","0.01113"
"131.95800","18.50450","0.01108"
"131.96400","18.50504","0.01102"
"131.97000","18.50552","0.01098"
"131.97600","18.50600","0.01094"
"131.98200","18.50653","0.01100"
"131.98800","18.50701","0.01110"
"131.99400","18.50749","0.01103"
"132.00000","18.50803","0.01096"
"132.00600","18.50851","0.01101"
"132.01200","18.50899","0.01101"
"132.01800","18.50952","0.01103"
"132.02400","18.51000","0.01104"
"132.03000","18.51048","0.01096"
"132.03600","18.51102","0.01092"
"132.04200","18.51150","0.01090"
"132.04800","18.51204","0.01081"
"132.05400","18.51251","0.01079"
"132.06000","18.51305","0.01079"
"132.06600","18.51353","0.01086"
"132.07200","18.51401","0.01091"
"132.07800","18.51455","0.01089"
"132.08400","18.51502","0.01088"
"132.09000","18.51556","0.01086"
"132.09600","18.51604","0.01078"
"132.10200","18.51652","0.01076"
"132.10800","18.51706","0.01087"
"132.11400","18.51753","0.01097"
"132.12000","18.51801","0.01105"
"132.12600","18.51849","0.01115"
"132.13200","18.51903","0.01128"
"132.13800","18.51951","0.01140"
"132.14400","18.51999","0.01143"
"132.15000","18.52047","0.01145"
"132.15600","18.52100","0.01144"
"132.16200","18.52148","0.01141"
"132.16800","18.52196","0.01133"
"132.17400","18.52244","0.01121"
"132.18000","18.52298","0.01111"
"132.18600","18.52345","0.01110"
"132.19200","18.52393","0.01111"
"132.19800","18.52447","0.01111"
"132.20400","18.52495","0.01113"
"132.21000","18.52549","0.01110"
"132.21600","18.52596","0.01109"
"132.22200","18.52650","0.01108"
"132.22800","18.52698","0.01104"
"132.23400","18.52752","0.01101"
"132.24000","18.52800","0.01095"
"132.24600","18.52848","0.01092"
"132.25200","18.52901","0.01096"
"132.25800","18.52949","0.01096"
"132.26400","18.52997","0.01096"
"132.27000","18.53045","0.01096"
"132.27600","18.53093","0.01099"
"132.28200","18.53147","0.01106"
"132.28800","18.53194","0.01114"
"132.29400","18.53242","0.01124"
"132.30000","18.53290","0.01132"
"132.30600","18.53344","0.01136"
"132.31200","18.53392","0.01131"
"132.31800","18.53440","0.01122"
"132.32400","18.53493","0.01121"
"132.33000","18.53541","0.01117"
"132.33600","18.53595","0.01107"
"132.34200","18.53649","0.01098"
"132.34800","18.53697","0.01096"
"132.35400","18.53751","0.01103"
"132.36000","18.53798","0.01109"
"132.36600","18.53852","0.01113"
"132.37200","18.53900","0.01114"
"132.37800","18.53954","0.01106"
"132.38400","18.54002","0.01097"
"132.39000","18.54050","0.01100"
"132.39600","18.54103","0.01106"
"132.40200","18.54151","0.01112"
"132.40800","18.54199","0.01123"
"132.41400","18.54247","0.01132"
"132.42000","18.54295","0.01130"
"132.42600","18.54348","0.01120"
"132.43200","18.54396","0.01108"
"132.43800","18.54450","0.01106"
"132.44400","18.54498","0.01107"
"132.45000","18.54546","0.01106"
"132.45600","18.54600","0.01104"
"132.46200","18.54647","0.01097"
"132.46800","18.54695","0.01101"
"132.47400","18.54749","0.01108"
"132.48000","18.54797","0.01110"
"132.48600","18.54851","0.01108"
"132.49200","18.54899","0.01100"
"132.49800","18.54952","0.01094"
"132.50400","18.55006","0.01100"
"132.51000","18.55054","0.01106"
"132.51600","18.55102","0.01112"
"132.52200","18.55156","0.01111"
"132.52800","18.55203","0.01106"
"132.53400","18.55257","0.01101"
"132.54000","18.55305","0.01106"
"132.54600","18.55353","0.01108"
"132.55200","18.55401","0.01106"
"132.55800","18.55455","0.01098"
"132.56400","18.55503","0.01090"
"132.57000","18.55550","0.01093"
"132.57600","18.55598","0.01099"
"132.58200","18.55652","0.01107"
"132.58800","18.55700","0.01113"
"132.59400","18.55754","0.01112"
"132.60000","18.55801","0.01110"
"132.60600","18.55849","0.01108"
"132.61200","18.55903","0.01104"
"132.61800","18.55951","0.01100"
"132.62400","18.55999","0.01092"
"132.63000","18.56053","0.01083"
"132.63600","18.56100","0.01077"
"132.64200","18.56154","0.01075"
"132.64800","18.56202","0.01079"
"132.65400","18.56256","0.01090"
"132.66000","18.56304","0.01087"
"132.66600","18.56351","0.01090"
"132.67200","18.56405","0.01098"
"132.67800","18.56453","0.01106"
"132.68400","18.56501","0.01114"
"132.69000","18.56549","0.01122"
"132.69600","18.56597","0.01117"
"132.70200","18.56650","0.01106"
"132.70800","18.56698","0.01088"
"132.71400","18.56746","0.01074"
"132.72000","18.56794","0.01073"
"132.72600","18.56848","0.01070"
"132.73200","18.56895","0.01077"
"132.73800","18.56943","0.01085"
"132.74400","18.56997","0.01094"
"132.75000","18.57045","0.01104"
"132.75600","18.57093","0.01112"
"132.76200","18.57147","0.01116"
"132.76800","18.57195","0.01122"
"132.77400","18.57242","0.01124"
"132.78000","18.57296","0.01130"
"132.78600","18.57344","0.01133"
"132.79200","18.57392","0.01129"
"132.79800","18.57446","0.01123"
"132.80400","18.57493","0.01116"
"132.81000","18.57547","0.01110"
"132.81600","18.57595","0.01102"
"132.82200","18.57643","0.01099"
"132.82800","18.57691","0.01094"
"132.83400","18.57745","0.01097"
"132.84000","18.57792","0.01093"
"132.84600","18.57840","0.01089"
"132.85200","18.57894","0.01077"
"132.85800","18.57942","0.01072"
"132.86400","18.57996","0.01082"
"132.87000","18.58043","0.01103"
"132.87600","18.58091","0.01112"
"132.88200","18.58145","0.01115"
"132.88800","18.58193","0.01123"
"132.89400","18.58247","0.01125"
"132.90000","18.58294","0.01131"
"132.90600","18.58348","0.01139"
"132.91200","18.58396","0.01134"
"132.91800","18.58450","0.01121"
"132.92400","18.58498","0.01112"
"132.93000","18.58552","0.01115"
"132.93600","18.58599","0.01124"
"132.94200","18.58653","0.01130"
"132.94800","18.58701","0.01125"
"132.95400","18.58755","0.01116"
"132.96000","18.58803","0.01102"
"132.96600","18.58850","0.01095"
"132.97200","18.58904","0.01099"
"132.97800","18.58952","0.01098"
"132.98400","18.59000","0.01096"
"132.99000","18.59054","0.01092"
"132.99600","18.59102","0.01088"
"133.00200","18.59150","0.01088"
"133.00800","18.59203","0.01095"
"133.01400","18.59251","0.01105"
"133.02000","18.59299","0.01119"
"133.02600","18.59353","0.01115"
"133.03200","18.59401","0.01107"
"133.03800","18.59448","0.01105"
"133.04400","18.59502","0.01104"
"133.05000","18.59550","0.01109"
"133.05600","18.59598","0.01106"
"133.06200","18.59652","0.01089"
"133.06800","18.59700","0.01068"
"133.07400","18.59753","0.01066"
"133.08000","18.59801","0.01073"
"133.08600","18.59855","0.01088"
"133.09200","18.59903","0.01094"
"133.09800","18.59957","0.01088"
"133.10400","18.60004","0.01083"
"133.11000","18.60052","0.01082"
"133.11600","18.60100","0.01088"
"133.12200","18.60148","0.01105"
"133.12800","18.60202","0.01115"
"133.13400","18.60250","0.01118"
"133.14000","18.60297","0.01112"
"133.14600","18.60351","0.01101"
"133.15200","18.60399","0.01096"
"133.15800","18.60447","0.01092"
"133.16400","18.60501","0.01095"
"133.17000","18.60549","0.01102"
"133.17600","18.60596","0.01111"
"133.18200","18.60650","0.01111"
"133.18800","18.60698","0.01102"
"133.19400","18.60746","0.01096"
"133.20000","18.60800","0.01092"
"133.20600","18.60847","0.01079"
"133.21200","18.60901","0.01069"
"133.21800","18.60949","0.01072"
"133.22400","18.61003","0.01078"
"133.23000","18.61051","0.01082"
"133.23600","18.61105","0.01090"
"133.24200","18.61152","0.01094"
"133.24800","18.61206","0.01091"
"133.25400","18.61254","0.01089"
"133.26000","18.61302","0.01090"
"133.26600","18.61350","0.01085"
"133.27200","18.61398","0.01082"
"133.27800","18.61445","0.01074"
"133.28400","18.61493","0.01071"
"133.29000","18.61547","0.01069"
"133.29600","18.61595","0.01074"
"133.30200","18.61643","0.01082"
"133.30800","18.61696","0.01089"
"133.31400","18.61744","0.01096"
"133.32000","18.61792","0.01112"
"133.32600","18.61846","0.01110"
"133.33200","18.61894","0.01103"
"133.33800","18.61942","0.01102"
"133.34400","18.61996","0.01091"
"133.35000","18.62043","0.01083"
"133.35600","18.62097","0.01082"
"133.36200","18.62145","0.01081"
"133.36800","18.62193","0.01085"
"133.37400","18.62247","0.01094"
"133.38000","18.62300","0.01102"
"133.38600","18.62348","0.01107"
"133.39200","18.62402","0.01102"
"133.39800","18.62450","0.01089"
"133.40400","18.62498","0.01079"
"133.41000","18.62552","0.01071"
"133.41600","18.62599","0.01075"
"133.42200","18.62647","0.01084"
"133.42800","18.62695","0.01086"
"133.43400","18.62743","0.01081"
"133.44000","18.62797","0.01090"
"133.44600","18.62845","0.01098"
"133.45200","18.62892","0.01101"
"133.45800","18.62946","0.01097"
"133.46400","18.62994","0.01096"
"133.47000","18.63048","0.01102"
"133.47600","18.63096","0.01110"
"133.48200","18.63150","0.01123"
"133.48800","18.63197","0.01132"
"133.49400","18.63251","0.01128"
"133.50000","18.63299","0.01121"
"133.50600","18.63353","0.01114"
"133.51200","18.63401","0.01107"
"133.51800","18.63454","0.01110"
"133.52400","18.63502","0.01103"
"133.53000","18.63556","0.01092"
"133.53600","18.63604","0.01087"
"133.54200","18.63652","0.01079"
"133.54800","18.63706","0.01081"
"133.55400","18.63754","0.01085"
"133.56000","18.63801","0.01078"
"133.56600","18.63849","0.01068"
"133.57200","18.63897","0.01070"
"133.57800","18.63945","0.01080"
"133.58400","18.63999","0.01096"
"133.59000","18.64046","0.01113"
"133.59600","18.64094","0.01119"
"133.60200","18.64148","0.01116"
"133.60800","18.64196","0.01106"
"133.61400","18.64244","0.01099"
"133.62000","18.64297","0.01105"
"133.62600","18.64345","0.01102"
"133.63200","18.64399","0.01095"
"133.63800","18.64453","0.01095"
"133.64400","18.64501","0.01090"
"133.65000","18.64548","0.01086"
"133.65600","18.64602","0.01097"
"133.66200","18.64650","0.01109"
"133.66800","18.64704","0.01119"
"133.67400","18.64752","0.01121"
"133.68000","18.64800","0.01122"
"133.68600","18.64853","0.01134"
"133.69200","18.64901","0.01135"
"133.69800","18.64949","0.01126"
"133.70400","18.64997","0.01127"
"133.71000","18.65051","0.01126"
"133.71600","18.65099","0.01119"
"133.72200","18.65146","0.01113"
"133.72800","18.65194","0.01113"
"133.73400","18.65248","0.01111"
"133.74000","18.65296","0.01103"
"133.74600","18.65344","0.01094"
"133.75200","18.65398","0.01091"
"133.75800","18.65446","0.01092"
"133.76400","18.65493","0.01098"
"133.77000","18.65547","0.01115"
"133.77600","18.65595","0.01125"
"133.78200","18.65649","0.01122"
"133.78800","18.65697","0.01123"
"133.79400","18.65750","0.01128"
"133.80000","18.65798","0.01133"
"133.80600","18.65846","0.01131"
"133.81200","18.65900","0.01126"
"133.81800","18.65948","0.01120"
"133.82400","18.65995","0.01114"
"133.83000","18.66049","0.01113"
"133.83600","18.66097","0.01113"
"133.84200","18.66145","0.01109"
"133.84800","18.66199","0.01096"
"133.85400","18.66247","0.01083"
"133.86000","18.66294","0.01075"
"133.86600","18.66342","0.01075"
"133.87200","18.66396","0.01084"
"133.87800","18.66444","0.01093"
"133.88400","18.66492","0.01095"
"133.89000","18.66545","0.01089"
"133.89600","18.66593","0.01081"
"133.90200","18.66641","0.01091"
"133.90800","18.66695","0.01109"
"133.91400","18.66743","0.01115"
"133.92000","18.66791","0.01114"
"133.92600","18.66845","0.01111"
"133.93200","18.66898","0.01108"
"133.93800","18.66946","0.01105"
"133.94400","18.67000","0.01101"
"133.95000","18.67048","0.01095"
"133.95600","18.67096","0.01090"
"133.96200","18.67149","0.01086"
"133.96800","18.67197","0.01083"
"133.97400","18.67245","0.01079"
"133.98000","18.67299","0.01080"
"133.98600","18.67347","0.01087"
"133.99200","18.67394","0.01092"
"133.99800","18.67442","0.01086"
"134.00400","18.67496","0.01082"
"134.01000","18.67544","0.01080"
"134.01600","18.67592","0.01088"
"134.02200","18.67646","0.01104"
"134.02800","18.67694","0.01110"
"134.03400","18.67741","0.01108"
"134.04000","18.67795","0.01101"
"134.04600","18.67843","0.01105"
"134.05200","18.67897","0.01117"
"134.05800","18.67945","0.01122"
"134.06400","18.67998","0.01119"
"134.07000","18.68046","0.01114"
"134.07600","18.68100","0.01105"
"134.08200","18.68148","0.01109"
"134.08800","18.68202","0.01116"
"134.09400","18.68250","0.01123"
"134.10000","18.68303","0.01131"
"134.10600","18.68351","0.01133"
"134.11200","18.68399","0.01125"
"134.11800","18.68453","0.01112"
"134.12400","18.68501","0.01107"
"134.13000","18.68548","0.01104"
"134.13600","18.68602","0.01099"
"134.14200","18.68650","0.01089"
"134.14800","18.68698","0.01079"
"134.15400","18.68746","0.01081"
"134.16000","18.68800","0.01082"
"134.16600","18.68847","0.01078"
"134.17200","18.68901","0.01078"
"134.17800","18.68949","0.01082"
"134.18400","18.69003","0.01090"
"134.19000","18.69051","0.01095"
"134.19600","18.69098","0.01101"
"134.20200","18.69152","0.01113"
"134.20800","18.69200","0.01109"
"134.21400","18.69248","0.01100"
"134.22000","18.69302","0.01103"
"134.22600","18.69350","0.01105"
"134.23200","18.69403","0.01109"
"134.23800","18.69451","0.01115"
"134.24400","18.69505","0.01110"
"134.25000","18.69553","0.01102"
"134.25600","18.69601","0.01096"
"134.26200","18.69655","0.01093"
"134.26800","18.69702","0.01096"
"134.27400","18.69750","0.01097"
"134.28000","18.69798","0.01092"
"134.28600","18.69846","0.01095"
"134.29200","18.69894","0.01097"
"134.29800","18.69947","0.01097"
"134.30400","18.69995","0.01109"
"134.31000","18.70043","0.01116"
"134.31600","18.70091","0.01105"
"134.32200","18.70145","0.01094"
"134.32800","18.70193","0.01091"
"134.33400","18.70240","0.01091"
"134.34000","18.70294","0.01092"
"134.34600","18.70342","0.01086"
"134.35200","18.70396","0.01085"
"134.35800","18.70444","0.01086"
"134.36400","18.70498","0.01081"
"134.37000","18.70545","0.01088"
"134.37600","18.70599","0.01092"
"134.38200","18.70647","0.01091"
"134.38800","18.70695","0.01098"
"134.39400","18.70749","0.01100"
"134.40000","18.70797","0.01099"
"134.40600","18.70844","0.01095"
"134.41200","18.70892","0.01086"
"134.41800","18.70940","0.01085"
"134.42400","18.70994","0.01092"
"134.43000","18.71042","0.01092"
"134.43600","18.71089","0.01089"
"134.44200","18.71137","0.01096"
"134.44800","18.71191","0.01101"
"134.45400","18.71239","0.01105"
"134.46000","18.71287","0.01104"
"134.46600","18.71341","0.01096"
"134.47200","18.71388","0.01092"
"134.47800","18.71442","0.01092"
"134.48400","18.71490","0.01104"
"134.49000","18.71544","0.01123"
"134.49600","18.71592","0.01132"
"134.50200","18.71646","0.01139"
"134.50800","18.71700","0.01135"
"134.51400","18.71747","0.01124"
"134.52000","18.71801","0.01116"
"134.52600","18.71849","0.01107"
"134.53200","18.71903","0.01100"
"134.53800","18.71951","0.01089"
"134.54400","18.72004","0.01076"
"134.55000","18.72052","0.01078"
"134.55600","18.72100","0.01085"
"134.56200","18.72154","0.01089"
"134.56800","18.72202","0.01082"
"134.57400","18.72249","0.01070"
"134.58000","18.72303","0.01066"
"134.58600","18.72351","0.01080"
"134.59200","18.72399","0.01095"
"134.59800","18.72453","0.01099"
"134.60400","18.72501","0.01095"
"134.61000","18.72548","0.01087"
"134.61600","18.72602","0.01081"
"134.62200","18.72650","0.01087"
"134.62800","18.72698","0.01096"
"134.63400","18.72752","0.01103"
"134.64000","18.72799","0.01103"
"134.64600","18.72853","0.01092"
"134.65200","18.72901","0.01091"
"134.65800","18.72955","0.01107"
"134.66400","18.73003","0.01117"
"134.67000","18.73057","0.01119"
"134.67600","18.73104","0.01113"
"134.68200","18.73158","0.01109"
"134.68800","18.73206","0.01109"
"134.69400","18.73254","0.01107"
"134.70000","18.73302","0.01111"
"134.70600","18.73350","0.01113"
"134.71200","18.73397","0.01103"
"134.71800","18.73451","0.01092"
"134.72400","18.73499","0.01084"
"134.73000","18.73553","0.01079"
"134.73600","18.73601","0.01083"
"134.74200","18.73648","0.01081"
"134.74800","18.73702","0.01071"
"134.75400","18.73750","0.01073"
"134.76000","18.73804","0.01075"
"134.76600","18.73852","0.01083"
"134.77200","18.73900","0.01091"
"134.77800","18.73953","0.01087"
"134.78400","18.74001","0.01085"
"134.79000","18.74049","0.01082"
"134.79600","18.74103","0.01084"
"134.80200","18.74151","0.01107"
"134.80800","18.74204","0.01129"
"134.81400","18.74252","0.01139"
"134.82000","18.74300","0.01151"
"134.82600","18.74354","0.01155"
"134.83200","18.74402","0.01155"
"134.83800","18.74450","0.01158"
"134.84400","18.74498","0.01154"
"134.85000","18.74551","0.01151"
"134.85600","18.74599","0.01146"
"134.86200","18.74647","0.01133"
"134.86800","18.74701","0.01134"
"134.87400","18.74749","0.01133"
"134.88000","18.74802","0.01133"
"134.88600","18.74850","0.01142"
"134.89200","18.74898","0.01142"
"134.89800","18.74952","0.01126"
"134.90400","18.75000","0.01121"
"134.91000","18.75047","0.01119"
"134.91600","18.75101","0.01122"
"134.92200","18.75149","0.01123"
"134.92800","18.75197","0.01117"
"134.93400","18.75251","0.01114"
"134.94000","18.75299","0.01107"
"134.94600","18.75352","0.01093"
"134.95200","18.75400","0.01084"
"134.95800","18.75448","0.01081"
"134.96400","18.75496","0.01077"
"134.97000","18.75550","0.01077"
"134.97600","18.75598","0.01078"
"134.98200","18.75645","0.01078"
"134.98800","18.75699","0.01090"
"134.99400","18.75747","0.01102"
"135.00000","18.75795","0.01105"
"135.00600","18.75849","0.01112"
"135.01200","18.75897","0.01107"
"135.01800","18.75950","0.01107"
"135.02400","18.75998","0.01106"
"135.03000","18.76052","0.01103"
"135.03600","18.76100","0.01109"
"135.04200","18.76148","0.01113"
"135.04800","18.76201","0.01107"
"135.05400","18.76249","0.01107"
"135.06000","18.76297","0.01113"
"135.06600","18.76351","0.01121"
"135.07200","18.76399","0.01131"
"135.07800","18.76453","0.01132"
"135.08400","18.76501","0.01123"
"135.09000","18.76548","0.01111"
"135.09600","18.76602","0.01103"
"135.10200","18.76650","0.01102"
"135.10800","18.76698","0.01099"
"135.11400","18.76746","0.01084"
"135.12000","18.76799","0.01076"
"135.12600","18.76847","0.01077"
"135.13200","18.76901","0.01076"
"135.13800","18.76949","0.01087"
"135.14400","18.77003","0.01099"
"135.15000","18.77057","0.01105"
"135.15600","18.77104","0.01107"
"135.16200","18.77152","0.01115"
"135.16800","18.77206","0.01132"
"135.17400","18.77254","0.01141"
"135.18000","18.77302","0.01130"
"135.18600","18.77355","0.01124"
"135.19200","18.77403","0.01115"
"135.19800","18.77451","0.01110"
"135.20400","18.77505","0.01120"
"135.21000","18.77553","0.01120"
"135.21600","18.77601","0.01103"
"135.22200","18.77654","0.01091"
"135.22800","18.77702","0.01081"
"135.23400","18.77750","0.01084"
"135.24000","18.77804","0.01090"
"135.24600","18.77852","0.01086"
"135.25200","18.77900","0.01084"
"135.25800","18.77953","0.01080"
"135.26400","18.78001","0.01081"
"135.27000","18.78055","0.01090"
"135.27600","18.78103","0.01095"
"135.28200","18.78151","0.01095"
"135.28800","18.78205","0.01097"
"135.29400","18.78252","0.01100"
"135.30000","18.78306","0.01106"
"135.30600","18.78354","0.01120"
"135.31200","18.78408","0.01134"
"135.31800","18.78456","0.01143"
"135.32400","18.78504","0.01140"
"135.33000","18.78551","0.01127"
"135.33600","18.78605","0.01120"
"135.34200","18.78653","0.01113"
"135.34800","18.78701","0.01106"
"135.35400","18.78749","0.01105"
"135.36000","18.78796","0.01112"
"135.36600","18.78850","0.01121"
"135.37200","18.78898","0.01119"
"135.37800","18.78946","0.01117"
"135.38400","18.79000","0.01114"
"135.39000","18.79048","0.01113"
"135.39600","18.79095","0.01108"
"135.40200","18.79143","0.01110"
"135.40800","18.79197","0.01114"
"135.41400","18.79245","0.01107"
"135.42000","18.79293","0.01107"
"135.42600","18.79346","0.01107"
"135.43200","18.79394","0.01104"
"135.43800","18.79448","0.01103"
"135.44400","18.79496","0.01109"
"135.45000","18.79550","0.01116"
"135.45600","18.79598","0.01122"
"135.46200","18.79645","0.01121"
"135.46800","18.79699","0.01127"
"135.47400","18.79747","0.01127"
"135.48000","18.79795","0.01112"
"135.48600","18.79843","0.01104"
"135.49200","18.79897","0.01095"
"135.49800","18.79944","0.01087"
"135.50400","18.79992","0.01088"
"135.51000","18.80046","0.01088"
"135.51600","18.80094","0.01085"
"135.52200","18.80142","0.01082"
"135.52800","18.80196","0.01078"
"135.53400","18.80243","0.01073"
"135.54000","18.80291","0.01077"
"135.54600","18.80345","0.01085"
"135.55200","18.80393","0.01092"
"135.55800","18.80447","0.01099"
"135.56400","18.80494","0.01111"
"135.57000","18.80548","0.01122"
"135.57600","18.80596","0.01124"
"135.58200","18.80650","0.01135"
"135.58800","18.80698","0.01145"
"135.59400","18.80752","0.01145"
"135.60000","18.80799","0.01150"
"135.60600","18.80847","0.01145"
"135.61200","18.80901","0.01127"
"135.61800","18.80949","0.01113"
"135.62400","18.80997","0.01104"
"135.63000","18.81050","0.01091"
"135.63600","18.81098","0.01079"
"135.64200","18.81146","0.01076"
"135.64800","18.81200","0.01069"
"135.65400","18.81248","0.01068"
"135.66000","18.81296","0.01074"
"135.66600","18.81343","0.01081"
"135.67200","18.81397","0.01096"
"135.67800","18.81445","0.01100"
"135.68400","18.81499","0.01092"
"135.69000","18.81547","0.01081"
"135.69600","18.81595","0.01082"
"135.70200","18.81648","0.01095"
"135.70800","18.81696","0.01105"
"135.71400","18.81750","0.01095"
"135.72000","18.81798","0.01091"
"135.72600","18.81852","0.01096"
"135.73200","18.81899","0.01103"
"135.73800","18.81947","0.01111"
"135.74400","18.82001","0.01117"
"135.75000","18.82049","0.01117"
"135.75600","18.82097","0.01119"
"135.76200","18.82151","0.01119"
"135.76800","18.82199","0.01118"
"135.77400","18.82246","0.01120"
"135.78000","18.82300","0.01109"
"135.78600","18.82348","0.01093"
"135.79200","18.82402","0.01080"
"135.79800","18.82450","0.01070"
"135.80400","18.82503","0.01068"
"135.81000","18.82551","0.01063"
"135.81600","18.82599","0.01059"
"135.82200","18.82653","0.01059"
"135.82800","18.82701","0.01059"
"135.83400","18.82748","0.01067"
"135.84000","18.82802","0.01079"
"135.84600","18.82850","0.01090"
"135.85200","18.82898","0.01096"
"135.85800","18.82952","0.01096"
"135.86400","18.83000","0.01095"
"135.87000","18.83047","0.01095"
"135.87600","18.83101","0.01098"
"135.88200","18.83149","0.01104"
"135.88800","18.83197","0.01113"
"135.89400","18.83245","0.01114"
"135.90000","18.83298","0.01115"
"135.90600","18.83346","0.01110"
"135.91200","18.83394","0.01103"
"135.91800","18.83448","0.01104"
"135.92400","18.83496","0.01110"
"135.93000","18.83550","0.01110"
"135.93600","18.83598","0.01104"
"135.94200","18.83645","0.01104"
"135.94800","18.83699","0.01099"
"135.95400","18.83747","0.01097"
"135.96000","18.83795","0.01099"
"135.96600","18.83843","0.01102"
"135.97000","18.83879","0.01101"
